bool 10 (1 1) (0 0) (0 0) (0 1) (1 0) (1 0) (0 1) (1 1) (1 0) (0 1)
int 10 (46 57) (5 43) (79 28) (72 89) (53 39) (78 56) (18 10) (20 20) (19 58) (74 12)
int 10 (46 66) (30 93) (41 52) (86 18) (93 53) (56 56) (24 40) (36 49) (50 35) (53 28)
char 10 (b n) (r i) (i n) (s b) (p n) (f o) (d q) (f j) (p o) (j b)
double 10 (0.56 4.51) (1.66 4.54) (2.85 7.86) (8.97 9.34) (8.32 3.75) (5.84 7.37) (3.33 7.83) (8.56 8.21) (0.43 5.87) (1.7 8.2)
double 11 (0.09 7.27) (3.91 3.54) (5.41 4.04) (3.45 4.03) (1.06 2.64) (5.37 8.4) (4.36 8.52) (2.81 1.5) (7.84 0.43) (7.3 7.05) (8.91 6.35)
double 11 (4.73 4.83) (3.29 6.12) (5.21 8.12) (0.65 9.72) (5.49 2.35) (3.98 9.38) (4.4 9.07) (4.73 7.44) (0.98 1.03) (1.77 1.39) (1.29 0.7)
int 11 (81 55) (4 72) (40 34) (7 81) (90 79) (36 78) (4 67) (45 4) (77 27) (69 85) (51 30)
int 12 (64 52) (29 93) (67 13) (9 24) (65 42) (46 75) (77 58) (95 70) (39 92) (67 85) (39 61) (87 83)
char 14 (e e) (b t) (a c) (b f) (o j) (k c) (a n) (i c) (b g) (i d) (c t) (r n) (e s) (q l)
char 17 (m n) (n p) (b p) (c i) (f m) (k l) (a d) (h t) (k b) (t c) (t q) (j b) (q k) (b a) (c l) (f k) (o r)
int 17 (79 77) (78 16) (20 1) (15 34) (4 73) (21 92) (16 50) (18 45) (7 42) (79 90) (1 80) (23 51) (51 18) (46 42) (38 44) (57 17) (83 20)
bool 18 (1 0) (0 0) (1 1) (1 1) (0 1) (1 0) (1 1) (1 1) (0 1) (1 0) (0 1) (1 1) (0 1) (0 1) (0 0) (1 1) (1 1) (0 1)
int 19 (59 43) (60 90) (95 33) (51 79) (20 62) (57 11) (80 55) (86 67) (12 38) (76 46) (40 53) (21 80) (91 98) (14 27) (83 35) (33 25) (1 65) (77 9) (28 68)
char 19 (q i) (i k) (n t) (r m) (o n) (k l) (f s) (h n) (o e) (h c) (o j) (t o) (h p) (i h) (n h) (a n) (k d) (q i) (g a)
double 19 (1.68 0.08) (6.68 2.19) (0.31 9.19) (3.28 2.88) (2.64 4.36) (8.68 2.59) (4.65 6.75) (0.84 3.62) (0.68 5.83) (8.99 0.13) (8.59 9.56) (5.22 3.95) (2.52 5.72) (7.59 5.03) (3.28 8.51) (6.32 6.21) (8.7 0.7) (9.38 4.19) (4.21 0.88)
bool 22 (1 1) (1 1) (0 0) (1 1) (0 0) (0 1) (1 1) (1 0) (1 1) (1 1) (0 0) (1 1) (0 1) (1 0) (0 0) (0 0) (1 0) (0 0) (0 0) (0 1) (1 0) (1 1)
double 23 (3.62 1.56) (5.9 9.57) (8.54 4.38) (6.2 3.2) (0.57 6.21) (7.62 4.78) (3.88 5.42) (4.08 4.01) (1.9 5.52) (4.22 3.8) (7.75 4.69) (6.65 1.34) (1.99 1.26) (4.58 9.07) (1.77 4.09) (4.89 4.5) (3.15 6.71) (2.91 1.94) (7.83 4.52) (8.56 1.77) (2.32 7.87) (3.09 9.77) (1.14 5.01)
char 24 (l t) (k t) (b m) (i j) (r t) (m r) (h p) (q d) (g t) (c i) (i b) (s i) (l c) (l p) (t d) (g r) (j h) (q k) (j j) (s j) (b j) (g a) (j s) (o p)
bool 25 (0 0) (1 1) (0 0) (0 0) (1 1) (0 0) (0 0) (1 0) (1 1) (0 0) (0 0) (1 1) (1 1) (0 1) (0 1) (0 1) (1 1) (1 1) (1 1) (1 1) (1 1) (1 1) (0 0) (1 0) (0 0)
bool 26 (0 0) (0 1) (1 0) (1 1) (1 1) (1 1) (1 1) (0 0) (0 1) (1 1) (0 0) (1 1) (1 1) (0 0) (0 1) (1 1) (1 1) (0 1) (0 0) (1 0) (0 1) (0 0) (0 1) (1 1) (0 1) (1 1)
double 27 (7.37 9.62) (0.18 7.64) (5.32 1.91) (0.04 8.72) (6.4 2.24) (0.71 7.38) (9.24 3.47) (5.54 7.6) (2.64 2.5) (1.44 1.07) (0.2 5.33) (2.31 0.12) (2.89 6.69) (2.06 3.25) (1.34 8.07) (3.17 2.44) (6.16 0.02) (4.07 9.5) (0.29 4.99) (2.76 7.6) (6.06 4.4) (4.12 6.27) (8.33 5.98) (7.75 7.45) (6.02 7.65) (8.94 7.83) (7.12 2.42)
char 28 (e h) (i b) (o h) (r f) (t f) (s j) (p o) (e l) (e j) (p t) (p t) (l j) (g i) (t l) (b n) (e l) (k g) (o b) (l h) (j i) (q j) (t j) (b k) (o b) (c b) (f b) (s m) (h n)
char 28 (q t) (q i) (d t) (k f) (s s) (r m) (n e) (r f) (l a) (j q) (p a) (s s) (o n) (a i) (c f) (h b) (e e) (c m) (i n) (o q) (c j) (t h) (b l) (r h) (l m) (c p) (j q) (j o)
bool 29 (0 1) (1 0) (0 1) (1 0) (0 1) (0 1) (0 0) (0 0) (1 1) (1 1) (0 0) (1 1) (1 1) (0 1) (0 1) (0 0) (0 0) (0 0) (1 0) (0 1) (1 0) (1 0) (0 0) (1 1) (0 1) (0 1) (1 1) (1 1) (0 1)
int 30 (73 20) (65 85) (33 94) (92 35) (80 25) (42 1) (46 66) (84 2) (91 93) (96 3) (87 97) (61 2) (97 10) (6 43) (28 68) (95 49) (92 62) (97 77) (74 18) (23 65) (52 85) (28 41) (34 30) (59 78) (32 62) (96 83) (33 87) (97 8) (13 93) (54 20)
double 31 (2.01 1.29) (6.61 0.36) (3.8 2.55) (6.97 1.03) (4.36 9.2) (4.98 6.87) (1.7 1.19) (5.06 6.12) (5.76 7.44) (2.34 9.69) (5.43 9.07) (2.82 2.53) (1.93 7.31) (9.91 0.39) (7.62 5.39) (5.95 4.18) (8.19 0.55) (8.18 4.82) (9.9 1.96) (5.2 6.11) (2.52 9.39) (3.03 2.66) (0.85 1.08) (5.61 0.52) (9.43 0.69) (8.12 9.54) (5.41 9.7) (6.64 8.04) (5.43 4.37) (4.29 0.24) (9.68 9.41)
double 32 (8.91 0.07) (2.96 7.62) (5.21 9.09) (9.58 3.37) (6.52 8.55) (1.93 9.93) (2.05 4) (5.4 6.84) (2.14 7.08) (4.88 3.88) (5.47 0.4) (2.04 7.5) (9.61 6.41) (4.37 8.13) (5.43 0.31) (0.83 3.94) (7.63 2.12) (2.99 0.04) (9.72 0.23) (0.39 1.55) (6.39 8.24) (7.25 0.97) (3.14 4.25) (1.17 0.39) (8.43 1.28) (1.37 9.26) (4.52 9.4) (4.72 6.26) (9.68 9.77) (5.32 6.05) (6.28 3.1) (1.99 9.84)
char 33 (i i) (q t) (s e) (j f) (o g) (q j) (q j) (n o) (e c) (o h) (f g) (i b) (d n) (f c) (m g) (q r) (i r) (n h) (b f) (a i) (b a) (e q) (q h) (k l) (p c) (t j) (k f) (t m) (a m) (c i) (o e) (s q) (m l)
double 34 (8.07 8.51) (5.06 7.8) (0.32 0.39) (5.81 8.4) (5.92 3.27) (3.59 6.44) (0.12 2.23) (9.44 2.38) (9.1 5.54) (4.18 3.69) (9.09 7.98) (7.72 6.48) (5.9 0.29) (0.98 0.16) (6.74 2.4) (6.88 8.73) (5.83 0.01) (4.87 0.26) (5.44 5.77) (8.14 8.82) (7.05 8.52) (0.34 1.58) (8.49 8) (1.28 8.28) (6.43 0.64) (0.27 1.43) (5.2 0.35) (7.66 5.4) (7.4 6.33) (3.61 2.11) (3.67 0.43) (1.46 4.78) (8.66 0.06) (4.75 9.92)
bool 34 (0 1) (1 1) (0 1) (1 0) (0 1) (0 1) (1 1) (1 1) (1 1) (1 0) (0 0) (0 0) (1 0) (0 0) (1 0) (1 1) (0 1) (1 0) (0 1) (0 1) (1 1) (0 0) (0 0) (0 0) (0 1) (0 0) (0 1) (1 0) (0 0) (1 0) (1 0) (1 1) (0 1) (0 1)
char 35 (o p) (f o) (l n) (n c) (i h) (i p) (e h) (c m) (i c) (n b) (c j) (n h) (o m) (l o) (q g) (o t) (t n) (a c) (q q) (n b) (o d) (d s) (q b) (k q) (s q) (r d) (p q) (q f) (k i) (e r) (i b) (c s) (i a) (a k) (s e)
bool 37 (0 1) (1 1) (1 0) (0 0) (1 0) (1 0) (1 0) (0 1) (1 1) (1 1) (1 1) (1 1) (1 1) (1 1) (0 1) (1 0) (1 1) (1 0) (0 0) (1 0) (0 1) (0 1) (1 0) (1 1) (0 1) (1 1) (0 1) (0 1) (1 0) (1 0) (1 0) (0 1) (0 1) (0 1) (1 0) (1 0) (1 0)
bool 40 (1 1) (0 0) (1 0) (1 0) (1 0) (1 1) (1 1) (0 0) (0 0) (1 1) (1 1) (1 0) (0 1) (1 1) (1 1) (1 1) (1 1) (0 1) (1 0) (0 0) (0 0) (1 1) (0 1) (1 0) (1 1) (1 1) (1 0) (0 0) (0 1) (0 1) (1 0) (0 0) (1 0) (0 0) (1 1) (0 1) (0 0) (1 1) (1 1) (1 1)
char 41 (l g) (g j) (t r) (t i) (q r) (d p) (j p) (c t) (t j) (r q) (p j) (o t) (n r) (l m) (j s) (a s) (f a) (n g) (r n) (n e) (b r) (c a) (f m) (s s) (e f) (e r) (q r) (n j) (l r) (f h) (b k) (n o) (g r) (j t) (k f) (l o) (n h) (f n) (m f) (k j) (n o)
double 41 (1.17 2.18) (5.09 5.67) (3.86 3.67) (7.99 0.35) (3.97 7.41) (5.72 6.93) (5.05 1.46) (9.9 6.32) (7.31 4.86) (6.5 6.03) (6.74 8.12) (4.39 3.16) (8.78 0.66) (6.73 6.3) (7.22 0.93) (3.99 9.94) (3.4 8.15) (9.52 8.99) (9.38 5.99) (9.9 9.64) (9.83 4.65) (1.18 1.26) (2.6 1.83) (7.02 4.8) (4.41 3.49) (9.45 4.2) (4.2 2.9) (8.15 5.53) (9.52 1.2) (7.76 7.72) (8.82 0.57) (7.44 6.87) (7.42 3.33) (2.2 8.84) (1.45 7.44) (4.67 7.27) (4.58 0.24) (7.79 6.52) (1.85 6.12) (5.85 1.96) (3.44 6.37)
int 42 (38 34) (68 9) (78 84) (30 68) (7 70) (96 88) (30 84) (33 9) (22 46) (40 2) (43 27) (68 62) (36 92) (5 31) (52 86) (16 16) (66 93) (77 99) (41 22) (43 56) (45 2) (41 25) (23 90) (81 66) (62 10) (67 11) (25 95) (77 45) (81 2) (70 88) (24 95) (19 91) (73 86) (12 40) (88 92) (75 46) (50 76) (36 70) (85 77) (31 69) (75 25) (47 89)
double 45 (7.48 5.58) (7.01 1.22) (6.85 8.59) (6.03 0.33) (8.73 1.66) (7.49 1.15) (4.32 6.22) (2.67 1.78) (6.6 7.4) (1.88 7.14) (7.49 7.04) (3.57 6.22) (5.25 1.89) (5.12 1.97) (7.87 2.43) (3.41 6.77) (4.07 7.36) (9.12 5.67) (8.04 7.18) (9.18 6.16) (0.74 2.34) (0.54 1.9) (5.79 3.42) (6.27 0.85) (6.36 3.13) (4.29 6.23) (7.93 7.43) (4.21 4.21) (2.75 1.43) (8 8.88) (0.95 5.8) (6.4 3.58) (5.17 8.77) (2.43 2.39) (8.78 0.69) (7.81 9.67) (9.1 0.17) (2.66 7.12) (2.72 4.24) (7.76 1.45) (8.45 1.75) (5.18 4.36) (4.01 5.04) (5.45 7.91) (3.84 3.78)
bool 46 (1 0) (0 1) (1 1) (1 0) (0 1) (0 1) (1 0) (1 0) (1 1) (0 0) (0 0) (0 1) (0 1) (0 0) (1 0) (0 1) (1 1) (1 1) (1 1) (0 1) (1 0) (1 1) (1 1) (0 0) (0 0) (1 1) (1 0) (1 1) (1 0) (1 1) (1 0) (0 1) (0 1) (1 0) (1 0) (0 0) (0 1) (0 0) (1 1) (0 0) (0 0) (0 0) (0 1) (0 0) (0 1) (1 1)
double 48 (2.38 0.48) (5.35 8.91) (0.19 0.33) (6.62 8.81) (3.46 9.22) (6.03 3.98) (9.54 3.03) (6.05 6.58) (3.04 4.71) (9.42 4.28) (3.01 3.93) (0.46 2.84) (4.66 8.4) (7.89 5.1) (8.7 6.59) (9.93 9.64) (8.4 0.6) (0.07 3.1) (3.05 3.42) (0.29 2.45) (0.92 5.75) (4.73 2.02) (5.82 8.79) (0.25 1.57) (7.07 2.49) (8.57 5.81) (7.34 4.41) (4.38 1.47) (4.27 5.56) (5.54 0.13) (0.35 4.94) (1.94 5.98) (8.55 5.87) (5.15 6.67) (0.93 3.14) (8.27 2.61) (8.47 9.66) (0.8 0.6) (7.98 7.32) (2.1 1.73) (1.23 6.57) (7.32 2.2) (9.55 1.91) (2.46 7.49) (0.06 9) (8.51 8.44) (4 4.95) (4.42 5.62)
int 50 (63 13) (53 76) (76 92) (68 2) (44 73) (3 65) (24 66) (41 88) (14 81) (36 93) (10 17) (4 21) (4 97) (47 34) (70 35) (77 83) (9 85) (52 43) (75 76) (91 12) (18 3) (57 80) (62 34) (75 18) (84 93) (70 58) (19 39) (17 55) (55 45) (56 94) (64 36) (76 51) (57 90) (91 88) (29 33) (69 26) (81 25) (20 52) (65 61) (21 71) (56 30) (6 79) (11 77) (68 85) (7 9) (12 96) (33 88) (77 12) (65 8) (71 36)
bool 50 (1 0) (1 0) (0 1) (1 0) (0 1) (0 1) (0 0) (1 0) (0 1) (1 0) (0 0) (0 1) (0 0) (0 0) (0 0) (1 0) (0 1) (0 1) (0 0) (1 1) (0 1) (1 0) (1 0) (0 1) (1 0) (0 1) (1 0) (1 1) (0 1) (0 1) (1 0) (1 1) (1 1) (0 1) (0 1) (0 0) (0 1) (1 1) (0 1) (0 0) (0 0) (1 1) (0 1) (1 0) (0 0) (0 1) (0 1) (1 0) (1 0) (0 0)
int 52 (18 36) (48 70) (90 96) (55 1) (30 95) (35 28) (83 26) (74 59) (72 49) (6 44) (20 31) (68 95) (4 40) (51 17) (54 11) (50 63) (56 38) (60 39) (71 95) (93 67) (33 84) (84 16) (80 79) (44 27) (87 61) (29 36) (80 6) (37 30) (69 94) (75 83) (38 14) (67 76) (91 78) (27 80) (84 47) (27 69) (21 4) (39 96) (60 70) (74 20) (78 13) (80 5) (6 80) (3 52) (38 62) (47 63) (17 38) (56 9) (50 96) (25 85) (67 17) (25 66)
double 54 (1.24 7.5) (7.52 0.09) (2.84 5.79) (0.17 9.01) (2.81 9.78) (5.2 4.39) (5.14 5.41) (6.33 3.82) (5.76 8.57) (8.01 1.57) (8.27 3.6) (7.79 7.07) (7.21 0.04) (5.56 3.77) (1.68 2.99) (0.68 9.14) (7.14 2.43) (1.1 2.52) (5.41 5.99) (6.54 3.96) (2.83 1.06) (1.41 1.57) (5.37 6.03) (0.98 6.66) (1.88 0.76) (8.32 2.67) (9.06 3.91) (4.01 9.64) (8.52 6.65) (8.79 6.31) (3.9 2.95) (4.64 8.06) (3.97 4.05) (4.27 6.01) (6.57 8.65) (0.76 4.46) (7.1 9.17) (6.02 8.42) (6.52 4.86) (8.92 4.63) (7.73 3.73) (2.02 3.03) (0.94 3.78) (2.52 4.44) (1.68 8.36) (2.81 3.99) (1.49 1.17) (2.61 7.39) (4.36 0.04) (8.5 2.96) (0.76 9.82) (0.17 1.18) (2.69 4.73) (7.5 8.82)
char 55 (c g) (g n) (i d) (a f) (r f) (c r) (i i) (a h) (s k) (s i) (d b) (j e) (n i) (g o) (n m) (j n) (q a) (t j) (a k) (a c) (a n) (h h) (p c) (q j) (f i) (e i) (s i) (e s) (l r) (h k) (h s) (r j) (t j) (p r) (k s) (k d) (h a) (s s) (s e) (g c) (o d) (l e) (f j) (t b) (d c) (g a) (d j) (d i) (b j) (p n) (c j) (a b) (r g) (g i) (k f)
double 56 (4 9.81) (1.42 8.91) (5.42 1.64) (3.86 6.4) (4.15 7.41) (1.24 5.81) (1.35 8.41) (2.62 9.45) (3.44 8.91) (8.87 2.72) (5.07 6.94) (6.84 8.39) (9.16 9.9) (5.87 0.37) (2.55 2.39) (2.94 6.33) (7.62 5.07) (2.22 0.01) (2.33 6.57) (9.43 7.27) (1.63 4.37) (9.15 4.45) (1.08 7.73) (9.37 2.79) (0.82 6.98) (6.87 8.29) (8.13 9.49) (0.45 4.93) (8.12 5.6) (6.3 2.55) (8.74 7.81) (0.77 7.8) (3.87 1.74) (4.3 0.04) (0.19 7.59) (4 7.3) (9.45 5.64) (3.09 8.26) (8.61 0.99) (3.4 9.44) (3.98 1.68) (8.54 1.6) (5.82 4.85) (7.91 8.96) (8.49 1.38) (8.42 6.28) (0.47 7) (9.3 2.86) (8.87 6.37) (9.72 3.57) (0.25 8.71) (7.57 8.24) (9.94 6.46) (9.83 2.16) (0.04 2.37) (2.19 4.64)
int 56 (77 47) (71 28) (60 58) (70 46) (59 18) (12 8) (29 30) (4 10) (87 69) (31 53) (70 93) (9 9) (28 61) (25 51) (49 88) (96 23) (40 93) (95 46) (18 61) (27 41) (22 52) (71 85) (43 68) (38 84) (52 16) (58 13) (16 84) (61 84) (31 17) (29 50) (93 16) (53 3) (32 50) (70 46) (70 40) (29 41) (31 64) (42 57) (87 31) (20 77) (24 78) (35 21) (74 41) (90 54) (51 8) (29 67) (76 67) (38 38) (59 43) (62 6) (6 45) (66 7) (23 49) (43 15) (2 59) (67 63)
char 58 (s g) (d p) (d b) (p i) (i j) (o l) (n b) (p d) (m n) (r o) (t c) (m t) (p e) (g l) (e t) (d k) (i k) (e m) (b m) (l g) (o g) (h e) (e a) (d q) (i e) (b i) (k g) (q n) (c b) (o r) (m d) (f p) (b p) (s m) (f a) (g b) (c n) (k q) (p q) (r g) (m a) (n m) (b f) (k f) (t m) (m g) (g k) (r k) (l r) (r f) (k e) (j t) (f e) (c g) (a e) (h j) (c c) (k j)
bool 62 (1 0) (1 1) (1 0) (1 1) (1 1) (1 0) (1 0) (1 0) (0 1) (1 0) (1 0) (0 0) (0 0) (0 1) (0 0) (0 1) (0 1) (0 0) (0 1) (0 0) (1 1) (0 0) (1 1) (1 1) (0 0) (0 0) (1 0) (1 0) (0 0) (1 0) (0 1) (1 0) (0 0) (0 0) (1 1) (1 0) (0 1) (1 1) (1 0) (1 0) (1 0) (0 1) (1 1) (0 0) (0 0) (0 1) (1 1) (1 1) (1 0) (1 1) (1 1) (0 1) (0 0) (0 0) (1 0) (1 1) (0 0) (0 0) (0 0) (1 0) (1 0) (0 1)
bool 62 (1 0) (0 1) (1 0) (0 1) (0 1) (0 1) (0 1) (1 0) (0 1) (1 0) (1 1) (1 0) (0 1) (1 1) (0 1) (0 1) (0 0) (0 0) (0 0) (1 0) (0 1) (1 1) (1 1) (0 0) (1 1) (1 0) (1 1) (1 1) (1 0) (1 1) (0 0) (0 0) (0 1) (1 1) (0 0) (0 1) (1 0) (1 0) (1 1) (0 0) (1 0) (0 0) (0 1) (0 0) (0 0) (1 1) (1 0) (0 0) (0 0) (0 0) (1 1) (1 1) (1 1) (0 0) (0 0) (1 0) (0 0) (1 0) (0 1) (0 1) (0 0) (1 0)
int 63 (92 64) (98 80) (18 67) (83 42) (43 98) (25 55) (40 35) (28 55) (62 45) (22 64) (61 2) (94 72) (20 56) (86 61) (22 72) (62 48) (4 62) (59 78) (12 71) (95 65) (35 8) (30 19) (33 26) (8 86) (23 27) (27 2) (19 53) (91 68) (61 78) (64 44) (58 63) (49 66) (14 87) (77 4) (19 88) (80 36) (72 93) (35 78) (18 20) (67 44) (73 90) (79 46) (60 78) (5 56) (85 68) (4 57) (17 17) (95 57) (77 78) (8 70) (3 11) (17 2) (5 69) (65 44) (31 58) (26 54) (72 45) (53 67) (20 28) (20 14) (74 95) (20 14) (88 64)
int 63 (6 24) (60 53) (75 25) (86 94) (72 67) (62 92) (80 26) (76 96) (93 35) (69 31) (18 50) (41 8) (44 93) (1 87) (60 21) (77 64) (8 61) (75 27) (16 82) (51 64) (7 5) (75 5) (1 30) (28 15) (6 31) (37 90) (99 72) (15 34) (24 74) (93 68) (78 37) (55 20) (8 72) (93 11) (37 8) (30 4) (77 18) (59 68) (51 52) (17 75) (68 33) (56 47) (18 68) (69 71) (8 7) (24 3) (31 64) (6 84) (12 22) (8 46) (61 81) (76 10) (46 22) (54 1) (50 39) (65 1) (2 57) (39 96) (36 50) (10 34) (46 11) (47 38) (40 7)
double 64 (5.54 9.23) (7.85 2.64) (4.46 9.52) (7.68 2.7) (2.11 7.17) (2.97 8.79) (9.03 3.32) (0.81 6.98) (3.43 7.68) (2.69 8.85) (0.65 8.38) (3.48 9.36) (8.58 4.52) (3.58 3.15) (1.16 8.17) (5.94 2.04) (2.37 9.54) (9.73 3.84) (8.72 9.75) (5.78 8.87) (7.75 3.07) (3.25 5.06) (6.54 8.84) (9.45 6.37) (9.41 2.66) (9.11 1.49) (6.56 3.41) (7.79 0.57) (8.49 1.33) (6.45 7.6) (7.35 3.3) (5.39 7.5) (7.65 6.24) (4.16 2.09) (3.87 5.98) (4.29 5.65) (8.87 8.57) (9.5 3.96) (8.8 0.32) (2.19 0.09) (8.95 0.5) (2.56 3.6) (8.24 2.45) (7.89 2.94) (5.47 0.02) (0.09 9.61) (1.04 5.8) (0.54 3.2) (6.23 6.23) (5.05 6.73) (7.65 6.3) (0.9 9.95) (0.55 3.68) (9.96 2.69) (5.84 5.82) (1.26 3.45) (9.92 8.73) (9.23 8.56) (6.64 3.64) (2.26 8.75) (8.25 5.46) (5.43 6.72) (8.08 5.79) (2.96 2.68)
double 64 (1.22 7) (4.8 4.09) (7.51 0.86) (1.16 3.5) (4.43 0.14) (2.81 5.27) (9.9 8.08) (4.77 4.56) (7.13 8.63) (6.3 3.72) (1.23 0.9) (1.89 1.43) (5.92 4.72) (1.47 1.12) (9.89 4.48) (4.1 7.72) (5.11 5.07) (3.23 1.81) (6.23 6.22) (3.91 3.89) (7.86 5.11) (1.82 7.73) (4.69 6.19) (8.21 2.5) (8.68 4.35) (2.49 4.87) (7.02 8.02) (6.4 2.26) (1.51 2.95) (2.34 9.64) (1.3 5.04) (5.98 7.09) (3.88 3.2) (4.96 8.61) (5.94 6.56) (6.62 2.01) (7.2 5.27) (0.97 0.15) (2.23 0.46) (5.22 8.12) (0.21 3.79) (0.4 9.85) (1.27 5.08) (6.75 9.86) (2.66 1.21) (1.09 3.02) (7.89 8.09) (8.93 0.48) (8.16 7.44) (4.82 3.32) (3.13 2.94) (0.2 4.06) (7.41 3.96) (0.55 7.15) (2.16 1.35) (3.04 7.31) (7.46 5.96) (4.9 0.05) (1 3.84) (2.04 1.26) (0.2 7.11) (4 9.93) (9.98 5.76) (7.81 1.23)
int 64 (51 28) (83 6) (14 23) (52 39) (43 73) (23 61) (84 58) (93 1) (77 75) (76 29) (11 84) (57 95) (24 51) (79 19) (82 2) (99 81) (14 64) (56 66) (21 68) (69 70) (81 95) (60 44) (13 18) (40 57) (92 65) (59 98) (89 74) (80 48) (26 77) (13 63) (7 90) (25 58) (92 4) (14 32) (24 98) (52 38) (89 50) (44 29) (72 98) (76 89) (62 56) (25 46) (2 47) (34 29) (11 79) (95 15) (46 40) (98 35) (2 57) (8 13) (64 99) (20 68) (85 21) (76 25) (20 66) (65 71) (66 2) (65 4) (22 34) (49 81) (74 97) (85 80) (27 21) (52 48)
bool 66 (0 0) (1 1) (1 0) (0 1) (0 0) (0 0) (0 0) (0 0) (0 1) (1 0) (0 0) (0 1) (0 1) (0 0) (1 0) (0 1) (1 0) (0 0) (0 1) (1 0) (0 0) (0 0) (0 0) (0 0) (0 0) (1 1) (0 1) (1 0) (0 0) (0 1) (1 1) (1 0) (1 0) (1 0) (0 1) (0 0) (0 0) (1 1) (1 1) (1 0) (1 1) (0 1) (0 0) (1 1) (1 1) (0 0) (0 0) (0 0) (1 0) (0 1) (1 0) (0 1) (1 0) (0 1) (1 1) (1 1) (1 0) (0 1) (0 1) (1 0) (0 0) (0 1) (1 1) (0 0) (0 0) (1 0)
char 68 (o h) (r k) (k k) (m f) (f p) (l b) (t n) (n i) (o d) (m f) (n e) (k f) (b q) (o r) (g g) (n c) (r t) (c k) (o p) (i i) (s g) (e i) (a r) (s l) (n f) (n g) (p b) (k m) (p p) (n m) (d m) (b l) (r e) (o r) (d e) (r j) (e m) (d l) (j o) (m n) (g s) (c m) (h k) (m n) (r q) (g h) (e o) (j h) (n d) (h r) (h j) (i r) (f o) (j t) (h s) (o s) (o t) (d g) (t j) (g p) (n a) (o a) (q s) (o k) (a d) (m r) (o c) (i s)
double 68 (0.55 9.43) (8.1 7.75) (1.55 5.49) (5.17 7.68) (6.52 8.76) (4.58 8.1) (4.24 1.98) (0.72 6.01) (1.36 1.16) (3.19 7.32) (5.45 3.65) (8.28 4.27) (3.81 3.42) (8.78 7.53) (8.43 5.33) (1.17 6.45) (0.66 2.86) (4.32 4.02) (4.41 5) (8.36 4) (0.54 8.06) (6.34 4.77) (3.03 7.53) (4.65 4.39) (1.87 7.44) (3.09 0.31) (4.59 9.94) (7.16 4.6) (1.87 5.48) (3.08 4.6) (7.69 7.16) (6.75 3.75) (7.31 1.12) (1.52 4.32) (8.85 5) (5.59 0.29) (3.29 6.09) (4.14 6.44) (4.87 4.58) (2.55 1.27) (6.18 0.05) (4.79 1.87) (3.62 1.06) (7.32 8.05) (3.07 4.38) (7.95 6.48) (0.96 8.9) (8.78 8.72) (2.1 7.09) (5.86 9.47) (1.11 8.99) (6.25 8.78) (0.3 8.12) (1.27 9.22) (5.7 9.26) (2.04 1.86) (3.41 5.11) (0.91 6.02) (2.67 0.68) (2.24 8.48) (6.67 4.43) (9.29 9.09) (8.48 0.78) (0.05 5.41) (7.85 3.98) (5.93 8.25) (4.16 5.68) (1.26 0.73)
int 68 (83 8) (60 97) (84 9) (78 17) (77 28) (91 40) (47 56) (31 34) (20 24) (64 91) (92 85) (65 47) (54 48) (29 68) (30 65) (44 81) (24 56) (73 27) (98 71) (7 17) (48 76) (95 91) (12 75) (23 89) (32 29) (30 25) (69 13) (62 29) (32 34) (19 43) (50 62) (61 7) (70 75) (40 82) (90 38) (64 11) (98 7) (6 24) (61 75) (72 55) (29 39) (57 64) (36 11) (93 81) (71 99) (58 78) (2 13) (35 43) (51 37) (93 61) (55 95) (94 17) (37 47) (96 29) (65 29) (50 59) (11 48) (49 47) (56 53) (32 53) (47 73) (36 44) (21 44) (80 11) (90 22) (91 5) (39 8) (91 92)
bool 69 (1 0) (1 0) (0 1) (0 0) (0 0) (0 0) (1 0) (0 0) (0 1) (1 0) (1 0) (1 0) (1 0) (0 0) (0 1) (0 0) (1 0) (0 0) (1 0) (1 1) (0 1) (0 1) (1 1) (0 0) (0 0) (0 1) (0 0) (1 0) (0 1) (1 1) (1 0) (0 1) (1 1) (1 1) (0 0) (1 1) (0 0) (0 1) (0 1) (0 0) (0 0) (1 1) (1 0) (1 1) (1 0) (1 1) (1 1) (1 0) (1 0) (0 1) (1 1) (1 1) (1 1) (1 1) (0 0) (0 0) (1 0) (0 1) (0 0) (1 0) (1 1) (1 1) (0 1) (0 0) (1 1) (1 0) (1 0) (1 1) (0 1)
char 70 (g t) (c p) (n t) (b n) (t j) (m g) (e m) (t o) (n g) (e a) (b j) (s n) (d h) (a b) (g i) (k h) (l o) (f a) (b q) (r m) (b b) (n q) (t n) (n k) (q a) (p s) (e i) (k o) (s q) (c m) (g b) (n a) (t l) (k o) (r o) (a b) (r l) (p l) (j r) (q d) (a k) (p a) (f j) (e f) (p i) (s d) (j i) (h j) (k f) (f q) (h m) (q h) (n e) (p k) (t d) (k s) (k t) (r a) (c q) (c m) (d j) (g r) (l s) (k i) (d o) (a s) (l p) (j j) (l g) (n t)
bool 71 (0 0) (1 1) (0 0) (1 1) (1 1) (1 1) (0 0) (0 0) (0 1) (0 0) (1 0) (1 1) (1 1) (0 0) (0 0) (0 0) (1 1) (0 1) (0 0) (1 1) (1 1) (1 1) (1 0) (1 1) (0 0) (1 0) (1 1) (1 1) (1 1) (1 0) (0 0) (1 0) (1 1) (1 1) (1 1) (0 0) (0 1) (0 0) (0 0) (1 0) (1 1) (1 1) (1 1) (0 1) (0 1) (0 1) (1 0) (0 0) (1 1) (0 0) (1 1) (1 1) (1 0) (0 0) (0 0) (1 1) (0 1) (1 0) (1 0) (1 1) (0 0) (0 0) (1 0) (1 0) (1 1) (0 1) (0 0) (0 1) (0 0) (1 0) (0 0)
bool 72 (0 0) (1 1) (0 0) (0 1) (0 1) (0 0) (0 1) (1 1) (1 1) (1 1) (1 0) (1 0) (0 1) (1 0) (0 1) (0 0) (0 0) (0 0) (0 0) (0 0) (1 0) (0 1) (0 1) (1 1) (0 0) (0 0) (1 1) (0 1) (1 1) (1 0) (0 1) (0 1) (0 1) (0 1) (0 1) (0 1) (1 1) (0 0) (1 1) (0 0) (0 1) (1 0) (0 0) (0 0) (1 1) (0 0) (1 0) (1 1) (1 0) (1 1) (1 1) (1 1) (0 0) (0 0) (1 0) (0 1) (0 0) (0 1) (1 1) (0 1) (0 1) (0 1) (1 1) (0 1) (1 1) (1 0) (0 1) (1 0) (1 1) (1 1) (0 0) (0 0)
bool 73 (0 1) (1 0) (0 0) (1 0) (0 1) (1 0) (0 0) (1 1) (0 0) (1 0) (1 0) (0 0) (0 0) (0 1) (0 1) (1 1) (1 0) (1 1) (1 1) (1 0) (1 0) (0 1) (1 0) (0 0) (0 1) (0 1) (1 1) (1 0) (0 0) (1 0) (1 0) (1 1) (1 0) (0 0) (0 1) (0 1) (0 0) (1 0) (0 1) (1 0) (0 0) (1 1) (1 1) (1 1) (0 1) (1 1) (1 1) (0 0) (0 1) (1 1) (0 1) (1 0) (1 0) (1 1) (1 1) (0 0) (0 0) (1 1) (0 1) (0 0) (1 0) (1 1) (1 0) (1 1) (1 0) (0 0) (0 1) (0 1) (1 0) (1 1) (0 1) (0 0) (0 1)
bool 76 (0 0) (0 0) (0 0) (0 0) (1 0) (1 0) (1 1) (0 0) (0 1) (0 0) (1 0) (1 0) (1 1) (1 0) (1 1) (1 0) (0 0) (1 0) (1 1) (1 0) (0 0) (0 1) (0 0) (1 1) (0 0) (1 1) (1 1) (1 0) (0 0) (1 0) (0 1) (1 1) (1 1) (1 0) (1 1) (1 0) (0 0) (0 1) (0 1) (1 0) (1 0) (1 0) (0 1) (1 0) (0 1) (1 1) (1 1) (0 0) (0 1) (1 1) (0 0) (1 1) (0 0) (1 1) (0 1) (0 0) (0 0) (0 1) (1 0) (0 0) (1 0) (0 1) (1 0) (1 1) (0 1) (1 0) (0 0) (0 0) (0 0) (1 0) (0 0) (1 0) (1 0) (1 1) (0 1) (1 0)
char 79 (t i) (j k) (g d) (e f) (d q) (o d) (j t) (e f) (s g) (s e) (c b) (l r) (m n) (e j) (l k) (c i) (h g) (l c) (r k) (t r) (t k) (n l) (n i) (m r) (c l) (t b) (l m) (t s) (b i) (k m) (o a) (o p) (d s) (b a) (g e) (r r) (f f) (c h) (r m) (j o) (h c) (m m) (l r) (h r) (t i) (p j) (b g) (c l) (n t) (j o) (l t) (h k) (f h) (g h) (o j) (d e) (d n) (p p) (s i) (e n) (t j) (c j) (m n) (p c) (f p) (p m) (q k) (a b) (c t) (a p) (h r) (e e) (n a) (o k) (p a) (a e) (b i) (q h) (i n)
bool 80 (0 0) (1 1) (0 0) (1 1) (1 1) (1 0) (1 1) (0 1) (0 1) (1 0) (0 0) (1 1) (0 0) (1 0) (0 1) (1 1) (1 1) (0 1) (1 0) (0 0) (1 0) (0 0) (1 0) (0 1) (0 1) (1 1) (0 1) (0 1) (0 1) (0 1) (1 0) (0 1) (0 1) (0 0) (1 0) (0 1) (1 1) (1 1) (0 0) (1 1) (1 0) (0 1) (1 1) (0 1) (0 0) (0 0) (1 0) (1 0) (1 0) (0 1) (0 1) (0 1) (1 0) (1 1) (0 1) (1 0) (0 0) (0 0) (0 1) (0 1) (0 1) (1 0) (0 0) (1 1) (1 0) (0 0) (1 0) (1 1) (1 1) (1 1) (0 1) (0 1) (0 0) (1 0) (0 0) (0 0) (1 0) (0 0) (1 0) (1 1)
int 81 (45 46) (87 44) (89 24) (78 99) (2 27) (92 98) (95 48) (20 4) (41 26) (98 52) (50 64) (77 51) (43 22) (5 95) (3 36) (58 50) (95 59) (29 7) (59 27) (58 15) (30 74) (42 83) (75 37) (64 4) (17 94) (52 54) (76 99) (4 58) (47 34) (42 5) (49 83) (98 41) (15 15) (86 48) (46 31) (15 89) (88 73) (89 92) (71 73) (42 32) (57 32) (39 66) (35 54) (53 95) (75 51) (53 85) (53 20) (95 99) (72 97) (77 99) (45 27) (71 95) (37 48) (68 65) (9 96) (12 68) (33 13) (75 33) (82 60) (7 20) (1 91) (5 78) (14 39) (71 24) (81 89) (92 16) (26 12) (12 45) (94 89) (12 27) (62 15) (29 67) (7 81) (40 81) (4 65) (8 67) (63 80) (29 36) (57 3) (28 27) (3 33)
bool 82 (1 1) (1 0) (1 1) (1 1) (0 1) (0 0) (1 0) (0 0) (1 1) (0 0) (0 1) (1 1) (1 1) (1 0) (1 1) (1 1) (1 0) (0 1) (1 1) (1 1) (1 1) (0 0) (0 0) (0 0) (0 0) (0 1) (1 1) (1 0) (1 1) (1 0) (0 1) (1 1) (0 1) (1 0) (1 0) (0 1) (0 1) (1 1) (1 0) (1 1) (0 1) (1 1) (1 1) (1 0) (1 1) (0 1) (0 1) (1 1) (0 1) (0 1) (0 0) (0 1) (0 0) (0 1) (0 0) (1 0) (1 0) (0 0) (1 0) (1 1) (1 0) (0 0) (1 1) (0 0) (1 0) (1 0) (0 0) (1 1) (1 0) (1 1) (1 1) (1 0) (0 1) (1 0) (1 0) (1 0) (0 1) (0 1) (0 1) (1 0) (0 1) (0 0)
char 82 (a h) (r t) (t o) (d q) (s c) (d g) (p g) (p e) (b d) (s t) (j m) (b k) (n a) (m e) (n h) (b q) (c a) (n g) (h i) (i f) (q m) (r i) (g j) (m q) (b s) (g n) (b j) (i k) (s k) (c s) (s i) (f m) (a b) (l h) (l i) (g f) (a n) (j k) (h k) (k g) (h q) (j o) (s q) (a n) (g q) (b m) (c e) (e k) (o d) (d e) (f d) (g f) (s e) (i e) (i m) (p s) (s d) (s q) (l o) (q m) (m a) (f c) (g o) (p h) (n e) (f j) (a q) (l t) (q h) (t b) (q a) (d f) (c h) (q s) (c n) (a b) (j t) (h d) (d h) (o k) (g c) (d d)
int 82 (45 45) (24 28) (11 43) (90 13) (49 57) (18 35) (35 21) (23 69) (60 73) (64 44) (37 24) (55 66) (56 62) (67 73) (8 49) (13 31) (37 64) (80 33) (54 83) (6 96) (88 32) (69 23) (36 29) (74 79) (20 10) (51 43) (71 99) (69 33) (99 2) (27 84) (28 29) (82 85) (67 93) (19 45) (88 4) (29 8) (68 52) (77 55) (60 22) (55 24) (11 75) (30 45) (23 75) (59 76) (35 76) (82 69) (2 30) (26 63) (98 42) (62 25) (95 26) (33 25) (58 46) (19 43) (20 11) (18 41) (16 41) (72 68) (18 39) (16 93) (29 90) (92 45) (44 96) (2 28) (27 87) (11 69) (98 72) (86 48) (67 32) (21 95) (84 72) (38 53) (99 31) (21 23) (18 1) (77 96) (44 44) (71 98) (30 55) (9 65) (27 53) (61 41)
bool 82 (0 0) (1 1) (0 1) (1 0) (1 0) (1 0) (1 0) (0 1) (1 0) (0 0) (1 0) (1 0) (1 1) (1 0) (1 1) (0 0) (1 1) (1 1) (1 0) (0 0) (0 0) (0 0) (0 1) (1 1) (0 0) (0 1) (0 1) (1 1) (0 0) (0 1) (1 0) (1 1) (0 1) (1 1) (1 0) (0 0) (1 0) (0 1) (1 0) (0 0) (0 1) (0 0) (1 1) (0 1) (1 0) (1 1) (0 1) (1 0) (1 1) (0 0) (1 0) (0 1) (0 1) (1 0) (0 1) (1 0) (1 1) (1 0) (1 1) (0 1) (1 0) (0 0) (1 0) (1 0) (1 1) (0 1) (1 0) (0 1) (1 0) (1 1) (0 0) (1 0) (1 0) (0 1) (1 1) (0 0) (0 0) (0 1) (0 0) (1 0) (1 1) (0 1)
int 83 (69 99) (97 49) (14 99) (24 56) (77 79) (65 30) (79 91) (82 98) (73 74) (3 46) (66 40) (55 11) (44 91) (68 55) (69 91) (45 36) (30 72) (4 49) (70 15) (40 44) (64 40) (65 77) (26 93) (76 52) (20 58) (79 32) (59 25) (30 59) (87 5) (65 24) (22 25) (55 19) (62 52) (49 22) (96 26) (57 73) (28 46) (8 6) (43 37) (14 5) (42 92) (62 36) (79 47) (36 50) (87 39) (38 69) (60 80) (6 98) (12 54) (28 86) (83 34) (89 24) (11 56) (54 66) (14 92) (22 34) (80 2) (4 20) (23 51) (31 11) (35 96) (94 94) (44 84) (95 79) (65 30) (76 29) (63 99) (79 94) (41 55) (74 1) (74 44) (18 69) (2 25) (75 6) (60 14) (87 25) (81 76) (57 33) (9 28) (91 18) (35 6) (63 92) (31 60)
int 83 (9 79) (92 88) (76 60) (59 22) (64 65) (11 86) (16 64) (54 95) (8 50) (11 11) (89 11) (9 85) (98 19) (20 38) (67 76) (9 50) (75 4) (54 44) (18 80) (14 91) (81 40) (98 26) (74 65) (92 54) (78 25) (65 4) (78 52) (16 69) (98 37) (72 15) (36 73) (86 93) (59 30) (1 16) (94 46) (60 25) (57 89) (84 43) (38 70) (47 40) (64 15) (7 29) (17 19) (73 83) (90 77) (91 17) (25 11) (70 57) (81 13) (53 94) (70 93) (35 41) (34 69) (72 83) (18 13) (12 22) (41 42) (52 75) (11 2) (60 90) (3 35) (4 46) (13 72) (83 53) (19 71) (55 62) (98 10) (23 72) (36 91) (88 69) (8 57) (31 63) (20 97) (61 7) (33 47) (14 4) (7 92) (62 95) (77 48) (62 75) (55 71) (69 21) (10 54)
char 84 (h m) (g n) (e r) (t m) (m e) (i r) (j f) (i o) (o e) (l c) (g f) (l d) (g l) (l e) (l q) (p t) (i i) (c n) (h g) (g e) (m d) (f o) (b l) (e k) (m c) (s o) (j j) (e t) (s o) (l n) (r t) (r e) (n n) (o g) (h g) (n f) (s n) (m k) (f t) (g h) (h l) (p i) (b c) (q b) (h f) (h l) (f t) (k f) (t o) (f i) (s g) (c t) (j o) (n m) (t k) (b f) (m e) (e h) (h n) (n o) (g e) (s g) (m f) (f p) (j t) (p m) (p b) (a q) (f g) (h o) (e i) (n p) (i n) (a r) (n s) (h p) (r i) (k g) (m j) (j e) (g f) (d i) (l g) (e m)
bool 84 (0 0) (1 0) (1 0) (1 0) (1 0) (1 0) (0 0) (1 1) (0 1) (1 1) (1 0) (1 0) (0 1) (0 0) (0 0) (0 0) (0 1) (0 1) (0 0) (0 0) (1 0) (1 1) (1 0) (0 0) (0 1) (0 1) (0 0) (0 1) (0 1) (1 1) (0 0) (1 1) (0 0) (0 0) (0 0) (1 1) (1 1) (0 0) (0 1) (1 0) (0 0) (0 0) (0 1) (0 1) (0 1) (1 0) (0 1) (1 1) (0 1) (0 1) (1 1) (0 1) (1 1) (1 1) (0 1) (1 1) (0 0) (0 0) (1 1) (1 0) (1 1) (0 1) (1 1) (1 0) (1 1) (1 0) (0 1) (0 1) (1 0) (1 0) (0 0) (1 1) (1 0) (1 0) (1 0) (0 1) (1 0) (0 0) (0 1) (1 1) (1 1) (0 1) (1 1) (1 0)
int 85 (16 37) (99 24) (52 56) (59 29) (19 7) (18 21) (46 75) (81 70) (47 78) (57 3) (79 91) (44 45) (57 90) (22 49) (82 18) (43 4) (73 46) (89 72) (25 79) (5 73) (94 30) (6 77) (35 45) (71 61) (31 87) (5 96) (96 53) (14 19) (57 33) (97 68) (61 44) (82 17) (19 88) (28 12) (58 32) (66 3) (32 88) (58 32) (42 97) (75 18) (18 88) (52 64) (61 12) (79 93) (78 34) (88 62) (61 99) (72 2) (92 43) (73 82) (75 31) (6 63) (84 89) (93 8) (24 40) (61 9) (64 87) (80 71) (95 64) (42 3) (40 25) (96 22) (92 27) (85 42) (30 77) (12 71) (64 76) (97 7) (23 23) (3 96) (22 75) (78 95) (30 19) (60 26) (27 29) (88 63) (26 83) (71 88) (50 17) (43 84) (28 67) (64 24) (25 84) (73 79) (74 73)
char 85 (e n) (n a) (g t) (l s) (q f) (c f) (n h) (s a) (r t) (m o) (k c) (h n) (g q) (t m) (c p) (d b) (h r) (o m) (s p) (n h) (k r) (j h) (c e) (k o) (q j) (i r) (k e) (e d) (a c) (n t) (i d) (k q) (h l) (f p) (p f) (b j) (b g) (h e) (p c) (c q) (c d) (s i) (n p) (l k) (j t) (q j) (d d) (n c) (b h) (e n) (s c) (t f) (a s) (k a) (n r) (t d) (i a) (m i) (i n) (l r) (q o) (e t) (h l) (g g) (t t) (j q) (l b) (b j) (b r) (c c) (f b) (e t) (q b) (h a) (i q) (f m) (o l) (s f) (o g) (o d) (o n) (n m) (q l) (s l) (a p)
bool 87 (1 1) (0 0) (1 1) (0 1) (1 0) (1 1) (0 1) (0 1) (0 0) (1 1) (0 0) (0 0) (0 1) (0 1) (1 0) (1 1) (1 0) (0 0) (0 1) (0 0) (1 1) (1 1) (1 1) (0 1) (0 0) (0 1) (1 0) (1 1) (1 1) (1 1) (1 0) (0 1) (1 1) (1 1) (1 0) (1 0) (0 1) (0 1) (1 0) (0 0) (0 1) (0 0) (0 1) (0 1) (0 0) (1 0) (1 0) (0 1) (1 0) (1 0) (0 1) (1 1) (0 0) (1 0) (1 1) (0 0) (1 1) (1 0) (0 0) (0 0) (0 0) (0 0) (1 1) (0 1) (1 0) (1 1) (1 1) (1 1) (1 0) (0 1) (0 0) (0 0) (0 1) (0 1) (1 1) (0 1) (1 1) (0 0) (1 0) (1 1) (0 0) (1 1) (0 1) (0 1) (0 0) (1 0) (1 0)
bool 87 (1 0) (1 0) (1 0) (1 0) (0 0) (1 0) (1 0) (1 0) (1 1) (1 1) (1 1) (0 0) (0 0) (0 0) (1 1) (1 0) (0 1) (0 1) (1 1) (0 0) (0 1) (1 0) (0 0) (1 0) (0 0) (0 1) (0 0) (0 1) (0 0) (1 1) (1 1) (0 0) (0 0) (1 1) (0 0) (0 1) (0 0) (1 1) (0 0) (1 1) (1 1) (1 0) (1 1) (1 1) (0 0) (1 1) (0 0) (1 0) (0 1) (0 0) (1 1) (1 0) (1 1) (1 0) (0 1) (1 0) (0 1) (1 1) (1 1) (0 1) (1 0) (1 0) (0 1) (0 0) (0 1) (0 1) (0 1) (0 0) (1 0) (0 1) (0 1) (1 1) (1 0) (1 1) (1 0) (0 1) (0 1) (0 1) (1 1) (0 0) (0 1) (1 1) (1 1) (0 0) (1 1) (1 0) (1 0)
bool 87 (0 1) (1 0) (1 0) (0 1) (0 0) (0 0) (0 1) (1 0) (1 1) (0 1) (1 0) (0 0) (0 1) (1 1) (1 1) (0 0) (1 1) (0 0) (0 0) (0 0) (0 1) (1 0) (0 0) (0 0) (1 1) (0 1) (1 1) (0 1) (0 0) (1 0) (1 0) (0 0) (0 0) (1 1) (1 0) (0 0) (1 1) (1 1) (1 0) (0 1) (0 0) (0 0) (0 0) (0 1) (1 1) (0 0) (1 0) (0 0) (0 0) (0 1) (0 0) (1 1) (0 0) (0 0) (1 0) (0 1) (1 1) (1 1) (0 1) (1 0) (0 1) (1 1) (0 1) (0 1) (0 1) (1 1) (0 1) (0 0) (1 0) (1 0) (1 1) (0 1) (0 0) (1 1) (0 1) (0 0) (1 1) (0 0) (1 1) (0 1) (1 1) (1 0) (1 0) (1 1) (0 0) (1 0) (1 0)
char 90 (n j) (d j) (s s) (f g) (b b) (s l) (b d) (j s) (o e) (m s) (r q) (q a) (j r) (n l) (q m) (l p) (n b) (n k) (m r) (k i) (o f) (r a) (m g) (o m) (s k) (n r) (g o) (f l) (e d) (c l) (f b) (g g) (b n) (k h) (q a) (o p) (h d) (g o) (h j) (i m) (m c) (t d) (c c) (c i) (g s) (q p) (t b) (n c) (k t) (l o) (e q) (i h) (g d) (m a) (f i) (m t) (f c) (m b) (p m) (q b) (k m) (o p) (i p) (p i) (n g) (i k) (g k) (k f) (t i) (s a) (k p) (j c) (d q) (p m) (g e) (h g) (h f) (s k) (c t) (l t) (j t) (c f) (c r) (h h) (m g) (p l) (q i) (l e) (i l) (c e)
char 91 (s a) (k n) (o j) (k a) (b c) (c h) (p s) (e o) (s j) (n q) (f i) (p e) (a b) (p q) (n k) (n f) (h j) (s l) (h b) (s c) (b e) (s c) (h o) (b j) (s t) (f p) (l k) (j h) (o h) (r o) (b r) (l k) (f o) (l h) (e i) (s t) (d o) (j q) (i d) (g c) (a q) (h t) (l m) (d i) (l k) (t g) (m f) (r t) (e r) (r o) (q d) (b c) (n d) (t r) (i m) (m i) (r g) (c n) (c p) (n b) (i g) (o d) (p g) (c l) (o j) (q r) (h k) (h j) (p k) (l s) (s b) (r d) (n r) (a h) (o p) (n e) (j f) (h f) (f a) (q l) (t g) (e q) (m e) (o b) (g r) (j o) (p l) (r l) (t c) (d k) (h h)
bool 93 (1 0) (0 0) (0 1) (0 1) (0 0) (1 0) (1 0) (0 0) (1 1) (1 1) (0 1) (1 0) (0 0) (1 0) (1 0) (1 1) (1 1) (1 0) (1 0) (0 1) (0 0) (0 0) (0 0) (1 0) (1 0) (0 0) (0 1) (1 1) (0 0) (0 1) (1 0) (0 0) (0 1) (1 0) (0 0) (0 1) (0 1) (1 0) (0 0) (0 0) (0 0) (1 1) (1 0) (0 1) (0 0) (0 1) (1 0) (0 0) (0 0) (1 1) (0 0) (0 0) (1 0) (0 1) (1 0) (1 1) (0 1) (1 1) (0 0) (0 0) (1 0) (1 1) (1 1) (0 0) (0 1) (1 1) (1 1) (1 1) (1 0) (0 1) (0 1) (0 1) (1 0) (1 0) (1 0) (1 1) (1 0) (1 0) (1 1) (0 1) (1 0) (0 0) (1 1) (1 1) (0 0) (0 0) (1 0) (1 1) (0 0) (0 1) (0 1) (1 1) (0 0)
double 93 (4.31 6.46) (3.94 6.34) (7.87 1.35) (7.26 7.3) (7.41 9.34) (7.44 7.22) (4.42 9.13) (4.89 4.28) (6.51 0.3) (9.08 7.94) (7.89 3.31) (6.26 7.58) (6.67 2.66) (7.2 7.6) (3.44 3.68) (8.36 1.85) (3.98 1.3) (4.83 1.02) (9.72 5.63) (6.12 9.4) (7.32 0.88) (3.03 1.55) (4.09 1.99) (3.17 0.04) (1.64 5.24) (0.45 5.82) (7.45 4.78) (5.64 1.03) (2.38 5.2) (8.91 8.16) (2.91 7.14) (8.86 7.11) (6.01 9.89) (9.13 9.12) (0.28 0.12) (5.34 9.84) (1.55 1.2) (4.95 3.72) (1.45 2.5) (3.49 8.39) (9.07 9.62) (4.09 5.96) (6.29 1.02) (3.67 9.2) (6.73 5.24) (7.23 0.24) (1.04 9.34) (3.29 4.07) (7.25 4.52) (5.2 5.08) (7.23 9.45) (7.55 8.21) (9.81 9.28) (9.58 1.01) (8.94 0.26) (0.42 3.75) (2.64 4.97) (9.52 6.81) (3.66 1.96) (2.01 0.38) (3.35 5.95) (3.06 8.45) (6.85 2.18) (2.35 6.68) (2.35 8.98) (0.65 1.26) (8.88 9.91) (4.61 2.91) (4.33 4.88) (7.52 7.75) (7.44 5.21) (8.75 5.78) (8.03 7.86) (1.98 8.17) (8.91 7.24) (2.47 4.25) (3.29 7.86) (2.07 7.34) (5.09 8.87) (0.37 9.7) (6.94 7.29) (7.26 0.57) (8.41 4.97) (9.12 5.44) (0.36 5.9) (5.41 1.48) (5.62 8.69) (6.6 7.64) (7.52 1.82) (9.28 9.8) (3.87 2.8) (2.33 9.29) (0.68 1.44)
char 94 (i n) (c g) (b t) (h c) (k l) (r q) (r p) (k r) (m j) (r p) (c r) (m p) (g l) (m a) (f t) (h k) (q i) (o n) (l h) (e k) (a m) (f i) (m f) (b p) (p j) (m g) (a k) (d l) (n e) (t t) (e b) (j a) (r m) (e h) (q k) (s o) (o b) (d k) (i e) (b o) (b i) (n a) (i c) (c r) (q t) (j h) (m c) (q b) (f q) (b e) (q n) (e s) (m m) (t r) (k b) (h h) (s l) (r q) (o m) (q s) (q i) (d l) (j j) (j e) (c b) (h t) (c f) (s r) (e n) (f t) (n a) (b e) (k p) (k i) (p c) (k a) (t m) (e m) (t s) (j o) (a m) (t r) (o n) (c h) (s i) (t p) (a e) (p c) (i d) (b q) (n m) (l o) (c p) (s m)
char 94 (a j) (i s) (b a) (t m) (t i) (g s) (p i) (g j) (e e) (j t) (n i) (a c) (a p) (t d) (o o) (q n) (c a) (k d) (r l) (p o) (d q) (n q) (i n) (n b) (l c) (q h) (t a) (r m) (c i) (r p) (j j) (j s) (c s) (j j) (d e) (s l) (f l) (d r) (o g) (n d) (k h) (b o) (p a) (r f) (n c) (j e) (i g) (q r) (g o) (o h) (l q) (o m) (h o) (b o) (j s) (q l) (d s) (j r) (s a) (n a) (j d) (a i) (k d) (r d) (b r) (i e) (t c) (l p) (d h) (c m) (q c) (g r) (r o) (e a) (n c) (c f) (j q) (k n) (f q) (r h) (g p) (t a) (a c) (m g) (p b) (q k) (o h) (p m) (q o) (q n) (s d) (t p) (t d) (q c)
char 95 (p e) (l q) (r e) (k s) (o s) (m k) (g b) (m r) (f o) (q l) (r a) (i s) (c e) (l l) (p e) (r r) (k k) (b q) (b s) (b e) (c d) (p o) (e h) (g h) (j m) (g b) (n i) (o m) (r q) (f d) (a s) (q q) (g c) (j k) (n h) (r o) (p d) (g p) (q o) (r q) (t e) (p k) (n a) (b t) (g l) (b a) (h e) (p c) (a o) (c c) (q s) (n h) (p q) (a j) (e t) (m m) (o r) (l k) (i r) (c n) (h i) (o c) (g l) (f e) (h h) (r r) (p g) (h h) (q j) (c h) (j k) (i d) (g d) (c r) (h n) (h s) (h r) (h p) (i n) (d b) (t a) (n h) (f f) (l i) (f l) (s r) (g p) (t j) (n b) (r m) (b n) (n t) (i k) (m p) (g j)
bool 95 (0 0) (1 0) (1 1) (0 0) (1 1) (1 0) (1 0) (0 0) (0 1) (0 0) (1 1) (1 0) (1 0) (1 0) (0 1) (1 1) (0 0) (1 1) (0 1) (1 0) (1 0) (0 0) (1 1) (1 0) (0 1) (0 1) (1 1) (0 1) (1 1) (1 0) (0 1) (1 1) (1 1) (1 1) (0 0) (1 1) (1 0) (0 1) (1 0) (0 1) (1 1) (0 1) (0 1) (0 1) (1 1) (1 1) (0 0) (0 0) (0 0) (1 1) (1 0) (0 1) (1 0) (0 0) (1 1) (1 1) (1 1) (0 0) (0 0) (0 1) (0 1) (0 0) (0 0) (1 0) (0 0) (1 0) (0 1) (1 0) (0 0) (1 0) (1 0) (1 1) (0 1) (1 1) (0 0) (0 0) (0 0) (1 0) (0 1) (0 0) (1 1) (0 0) (0 0) (1 1) (0 1) (1 0) (0 0) (1 0) (0 0) (0 0) (0 0) (1 1) (0 1) (1 1) (1 0)
int 95 (87 17) (54 66) (90 76) (82 40) (40 95) (46 87) (80 94) (2 14) (23 23) (62 3) (82 27) (75 2) (29 1) (45 4) (40 9) (9 57) (30 9) (29 69) (59 46) (63 23) (61 86) (75 58) (45 36) (82 71) (98 85) (88 6) (30 43) (24 52) (18 18) (83 71) (25 93) (16 40) (79 98) (83 5) (73 84) (54 22) (13 88) (56 61) (93 9) (57 57) (25 51) (66 32) (43 58) (27 52) (54 83) (43 93) (57 46) (97 69) (7 85) (95 27) (42 5) (68 77) (64 80) (7 83) (1 97) (53 40) (60 69) (20 84) (4 75) (29 27) (50 34) (65 62) (60 9) (39 53) (53 90) (91 30) (94 17) (11 9) (75 23) (43 16) (83 46) (18 7) (49 26) (79 87) (97 10) (87 90) (87 64) (74 34) (12 14) (23 50) (77 55) (82 49) (66 62) (34 74) (94 36) (49 11) (34 53) (34 79) (28 38) (78 75) (50 80) (7 45) (25 98) (34 77) (87 28)
double 95 (2.32 2.55) (6.4 5.08) (2.33 1.3) (2.71 3.58) (6.36 4.11) (4.02 0.99) (2.32 4.74) (6.86 7.22) (7.47 8.45) (4.77 5.69) (0.53 4.33) (0.97 9.31) (6.39 7.67) (2.38 8.96) (8.38 4.53) (4.68 9.1) (0.64 6.68) (2.03 5.71) (4.99 3.42) (7.41 7.84) (0.87 5.25) (1.71 8.03) (8.85 7.26) (6.04 7.69) (8.8 6.88) (6.2 5.34) (4.36 1.53) (1.75 1.39) (3.07 2.73) (0.5 7.27) (6.87 3.28) (5.07 1.92) (4.67 9.47) (4.53 2.87) (6.63 0.74) (5.17 1.26) (7.89 9.36) (4.43 7.3) (7.56 8.36) (6.17 1.9) (5.44 9.73) (7.12 1.02) (3.95 9.83) (7.91 0.06) (9.9 2.98) (1.32 3.54) (7.17 6.81) (1.1 3.26) (4.22 2.07) (6.2 6.4) (4.55 4.8) (6.53 6.13) (3.53 8.09) (2.38 0.52) (4.76 9.03) (8.15 3.35) (5.54 0.73) (0.95 1.93) (9.24 7.38) (3.48 5.3) (8.55 5.02) (3.4 5.04) (9.61 9.59) (2.22 3.37) (2.4 1.31) (7.94 7.63) (4.31 1.18) (5.33 4.75) (8.11 7.24) (6.59 7.8) (0.13 3.83) (1.46 0.09) (7.54 4.35) (2.25 1.98) (5.82 9.66) (3.92 6.06) (0.36 1.86) (4.83 4.2) (5.98 5.41) (0.52 0.67) (4.34 1.29) (6.25 5.22) (0.07 3.59) (7.69 8.78) (3.94 4.41) (7.76 1.59) (5.49 4.66) (2.13 4.83) (9.71 4.4) (2.88 9.03) (8.55 2.03) (3.74 8.11) (2.71 6.84) (3.04 3.6) (2.04 4.43)
int 96 (29 27) (67 17) (45 4) (71 5) (53 65) (32 73) (40 93) (3 78) (91 97) (82 8) (15 9) (82 21) (39 16) (12 90) (63 4) (25 52) (41 25) (85 6) (45 53) (68 23) (35 33) (34 42) (5 31) (89 38) (51 71) (97 11) (55 87) (5 93) (40 28) (72 43) (30 55) (61 93) (63 61) (68 56) (9 18) (74 38) (17 22) (60 6) (85 36) (67 38) (27 84) (87 59) (26 46) (5 10) (44 93) (77 47) (60 71) (71 88) (61 75) (16 4) (23 48) (45 26) (83 40) (71 29) (79 49) (33 89) (57 21) (27 21) (85 79) (84 87) (79 28) (9 16) (32 63) (94 36) (40 15) (44 72) (86 11) (92 58) (24 79) (75 43) (2 16) (30 58) (27 50) (90 67) (62 77) (85 13) (33 52) (3 85) (97 89) (12 44) (73 8) (23 49) (1 45) (90 85) (73 9) (78 39) (82 67) (52 20) (10 32) (91 7) (74 48) (47 88) (32 52) (10 78) (12 22) (1 68)
char 97 (l l) (q t) (p f) (f k) (h p) (j p) (m j) (q k) (s e) (j a) (p o) (r c) (i k) (q s) (r g) (n j) (t j) (h c) (j m) (p k) (f t) (o m) (b e) (b n) (q g) (g o) (p l) (k b) (m s) (i q) (t f) (f q) (f a) (k e) (b g) (p s) (f a) (o j) (g k) (p c) (k f) (a g) (b c) (h s) (b d) (q k) (e p) (h l) (k l) (p f) (k p) (f s) (l p) (s p) (h h) (i n) (d g) (r b) (q s) (o m) (l j) (q d) (t q) (n p) (s k) (j g) (i a) (p s) (s a) (l a) (s q) (n k) (j e) (o k) (s o) (s l) (b m) (l a) (l a) (o h) (k t) (j n) (m j) (a a) (n k) (n k) (r s) (e a) (h j) (s j) (k d) (c i) (h j) (q a) (t n) (i n) (k j)
int 99 (52 66) (52 67) (1 26) (4 57) (73 49) (17 16) (41 60) (11 52) (49 25) (28 53) (6 60) (84 91) (7 64) (46 71) (92 42) (65 36) (90 43) (22 85) (16 1) (50 25) (18 43) (43 83) (91 57) (43 9) (64 4) (8 45) (25 1) (27 16) (43 54) (45 81) (59 84) (51 16) (77 98) (97 23) (92 49) (69 83) (61 39) (19 85) (43 59) (23 45) (60 18) (33 62) (57 30) (64 92) (75 62) (88 9) (45 65) (4 99) (95 93) (64 24) (60 45) (85 9) (10 9) (78 5) (75 38) (17 60) (23 77) (99 97) (17 39) (59 63) (83 68) (18 95) (57 8) (52 16) (40 61) (72 23) (26 61) (11 22) (10 73) (75 26) (36 58) (12 20) (34 64) (8 99) (59 98) (88 25) (5 48) (52 64) (41 64) (79 71) (33 4) (17 33) (95 24) (57 62) (39 51) (80 65) (47 96) (10 85) (25 95) (78 58) (79 10) (5 2) (29 30) (77 13) (59 21) (12 52) (81 10) (46 49) (5 74)
bool 101 (1 1) (1 0) (0 0) (0 1) (0 1) (1 1) (1 1) (0 1) (1 1) (0 0) (0 0) (1 0) (1 1) (1 1) (0 0) (0 1) (0 0) (0 0) (1 1) (1 1) (1 1) (1 0) (0 0) (1 0) (1 0) (1 0) (0 0) (1 0) (0 1) (1 1) (0 0) (1 0) (1 0) (0 1) (1 0) (0 0) (0 0) (1 1) (1 1) (0 1) (0 1) (1 0) (1 1) (0 1) (0 1) (1 0) (0 0) (0 1) (0 0) (1 0) (0 0) (0 1) (1 0) (1 1) (0 1) (1 0) (1 1) (0 0) (0 0) (1 1) (1 1) (0 1) (1 0) (1 0) (1 1) (0 1) (1 1) (0 0) (0 1) (1 0) (0 0) (1 0) (0 1) (0 1) (0 0) (1 1) (0 1) (0 0) (0 1) (0 1) (1 0) (0 1) (0 1) (1 0) (1 1) (1 1) (1 0) (0 0) (0 0) (1 1) (0 1) (1 1) (1 0) (0 1) (0 1) (1 0) (1 1) (0 0) (1 1) (0 1) (0 0)
bool 102 (1 0) (0 1) (0 1) (1 1) (0 1) (0 1) (0 0) (1 0) (0 1) (0 1) (0 1) (0 1) (0 0) (1 1) (1 1) (0 0) (0 0) (1 1) (0 1) (1 0) (1 1) (0 0) (0 0) (1 0) (0 0) (0 1) (0 1) (1 1) (1 1) (0 0) (1 1) (1 1) (0 0) (1 0) (0 1) (0 1) (1 0) (0 1) (1 1) (1 0) (0 0) (0 0) (0 1) (1 1) (1 1) (1 0) (1 1) (1 0) (1 0) (1 0) (1 1) (0 0) (1 0) (0 0) (0 0) (0 0) (0 0) (0 1) (1 1) (1 1) (1 0) (1 0) (1 1) (1 0) (0 1) (1 1) (1 1) (0 0) (1 0) (0 0) (1 1) (1 0) (1 1) (0 0) (0 0) (0 0) (1 0) (0 1) (1 1) (0 0) (0 1) (0 1) (1 1) (0 1) (1 1) (1 1) (1 1) (1 1) (0 0) (0 0) (0 0) (1 0) (1 0) (0 1) (1 1) (0 0) (1 0) (0 0) (0 0) (0 1) (1 1) (0 0)
double 102 (4.16 1.54) (3.79 7.9) (5.04 6.98) (6.59 0.47) (1.36 2.28) (3.89 5.29) (2.04 0.38) (3.74 7.95) (1.7 3.41) (4.53 0.74) (8.01 3.23) (7.49 5.03) (8.67 0.04) (8.43 8.34) (8.15 4.78) (7.11 5.71) (8.51 5.83) (8.32 0.53) (0.24 5.41) (4.18 3.94) (6.97 9.77) (0.31 9.91) (4.9 6.44) (9.27 8.82) (8.5 5.26) (5.83 7.07) (1.41 9.32) (2.61 1.27) (3.29 7.21) (8.88 8.7) (6.17 0.16) (3.5 3) (7.87 6.5) (9.96 6.38) (1.55 9.38) (0.92 1.82) (9.32 8.64) (1.59 0.15) (1.98 7.85) (6.39 8.78) (7.27 1.6) (4.57 0.82) (7.75 5.32) (0.4 2.81) (7.97 0.35) (4.8 2.62) (2.32 2.45) (7.78 0.17) (8 8.54) (3.28 4.2) (6.6 3.05) (1.89 7.81) (5.77 8.71) (9.73 1.47) (3.97 4.57) (7.03 5.24) (7.62 4.53) (7.11 4.23) (8.93 2.39) (3.57 5.83) (1.91 6.9) (5.99 5.61) (8.26 2.14) (9.83 3.52) (5.25 1.31) (0.38 4.75) (3.53 5.66) (9.73 8.34) (9.64 5.94) (7.36 2.83) (0.46 1.14) (5.29 0.34) (3.77 0.1) (8.6 6.49) (8.59 5.67) (8.17 4.79) (2.19 9.91) (3.85 5.25) (7.31 7.07) (9.77 2.88) (7.92 8.07) (6.01 8.51) (5.07 9.66) (7.62 5.07) (8.15 9.38) (8.37 2.59) (0.09 4.51) (4.4 2.71) (6.98 9.75) (2.21 8.02) (8.29 1.52) (3.68 5.94) (6.02 1.32) (5.11 5.35) (6.11 5.45) (6.29 1.49) (9.44 8.21) (8.34 6.71) (3.59 6.01) (6.28 3.94) (2.52 9.98) (7.34 4.32)
double 104 (4.71 1.41) (8.18 5.56) (9.8 3.05) (5.02 5.41) (5.6 7.97) (6.64 6.89) (5.81 7.51) (0.44 5.38) (7.84 5.1) (1.95 5.1) (2.97 1.59) (4.18 8.66) (9.55 1.97) (7.97 4.72) (5.6 9.03) (2.66 8.47) (3.93 1.11) (0.16 6.18) (4.41 5.31) (2.22 5.2) (8.2 4.14) (7.71 5.58) (7.78 9.27) (0.62 2.59) (0.11 0.61) (3.22 9.11) (7.52 4.2) (4.79 4.49) (2 9.47) (6.67 2.72) (3.92 9.14) (3.68 9.04) (2.99 6.97) (3.13 3.35) (1.04 9.92) (7.52 1.97) (6.55 1.8) (0.51 5.67) (4.2 9.06) (5.55 0.03) (5.23 5.49) (9.61 0.84) (3.19 0.14) (5.68 3.04) (5.58 8.99) (1.55 6.5) (7.8 4.92) (5.64 0.62) (3.64 4.42) (4.82 5.49) (7.94 6.8) (3.4 1.84) (9.69 4.43) (7.26 8.8) (9.29 1.4) (4.07 2.79) (6.42 2.36) (3.07 7.71) (4.21 2.48) (9.43 8.25) (3.72 4.68) (2.78 5.2) (7.89 0.1) (8.37 5.55) (6.21 1.12) (5.01 5.73) (5.77 4.06) (0.24 6.13) (2.97 9.35) (1.12 8.96) (0.44 5.45) (7.79 9.03) (7.8 4.1) (2.56 0.39) (4.48 2.2) (8.28 6.14) (3.85 1.3) (5.56 0.21) (1.89 8.76) (1.64 2.14) (7.82 4.09) (5.71 5.86) (4.07 6.11) (0.47 3.28) (6.07 6.77) (8.01 0.21) (0.47 5.7) (3.19 0.15) (6.6 0.21) (8.65 5.96) (2.2 8.74) (7.78 1.62) (6.98 3.47) (1.29 4.78) (5.69 4) (3.83 0.87) (9.8 0.43) (4.44 1.24) (8.82 7.69) (6.96 8.3) (8.03 7.41) (8.91 6.26) (7.71 4.18) (0.69 4.75)
double 105 (7.17 3.65) (9.31 7.36) (0.55 6.01) (0.45 1.22) (3.61 3.87) (8.11 4.68) (0.91 3.69) (4.82 4.49) (5.84 8.39) (9.47 2.55) (4.47 2.17) (9.62 2.5) (3.12 8.69) (6.52 6) (7.9 8.35) (2.13 6.6) (5.66 8.27) (5.49 6.93) (3.68 1.39) (2.46 0.12) (2.49 9.57) (9.39 0.57) (5.35 8.49) (1.18 5.62) (4.51 6.23) (6.06 3.29) (8.79 0.04) (6.65 4.61) (1.92 4.16) (9.57 5.51) (2.61 9.74) (7.21 8.25) (0.17 0.85) (8.76 7.91) (2.81 1.39) (6.52 4.64) (6.09 6.85) (6.64 0.02) (3.23 7.74) (1.47 1.24) (5.89 4.73) (3.67 7.88) (6.41 8.49) (2.95 3.06) (8 9.57) (5.2 0.2) (3.21 3.16) (8.11 6.29) (8.82 6.74) (6.16 6.81) (0.28 2.4) (4.17 9.43) (6.58 6.77) (5.17 9.06) (3.17 0.49) (2.21 2.13) (4.55 3.03) (1.08 3.2) (1.89 8.04) (6.61 4.36) (4.97 3.67) (7.09 6.23) (5.75 3.86) (9.12 5.92) (5.48 1.48) (0.71 8.04) (3.39 5.88) (8.97 7.6) (2.6 8.66) (5.94 2.66) (6.27 9.95) (8.43 7.92) (4.73 1.7) (0.93 8.68) (2.11 5.26) (2.56 8.6) (2.3 1.58) (7.24 8.97) (8.33 5.44) (3.12 7.2) (2.51 6.13) (5.1 5.31) (5.63 3.31) (2.05 1.8) (9.91 3.53) (7.81 5.03) (2.86 6.05) (3.97 8.64) (5.75 1.98) (9.8 9.77) (5.31 7.87) (6.91 3.44) (5.46 4.15) (7.79 4.63) (7.51 5.5) (2.34 8.49) (3.46 8.49) (8.87 4.17) (8.18 9.74) (2.21 1.13) (0.46 4.3) (3.04 7.3) (5.14 2.02) (2.05 9.13) (6.52 2.96)
int 108 (14 11) (12 92) (75 94) (60 87) (64 45) (56 35) (37 91) (38 65) (92 80) (58 17) (56 82) (25 36) (75 38) (35 35) (61 46) (87 43) (8 46) (64 31) (4 22) (37 78) (9 28) (9 39) (52 43) (98 82) (85 42) (77 11) (37 64) (60 74) (57 63) (42 57) (52 25) (77 77) (5 60) (20 61) (88 20) (74 70) (81 80) (7 33) (36 63) (44 82) (48 64) (86 49) (48 22) (74 3) (20 81) (68 32) (49 98) (93 79) (39 70) (6 28) (3 81) (19 26) (2 4) (29 4) (66 17) (41 41) (63 15) (6 44) (90 85) (15 97) (17 6) (98 13) (10 61) (60 76) (80 77) (95 70) (35 76) (89 92) (4 71) (92 53) (32 71) (78 52) (3 80) (27 42) (25 17) (37 91) (12 33) (29 34) (85 19) (65 12) (87 13) (93 7) (92 98) (65 33) (92 2) (26 68) (51 78) (69 79) (99 11) (19 50) (78 24) (25 85) (98 77) (49 21) (86 91) (65 87) (79 34) (23 35) (36 94) (3 20) (92 14) (93 9) (82 44) (56 64) (32 59) (53 25) (27 56) (30 7)
