int 10 30 93 41 52 86 18 93 53 56 56
char 11 t h f q f d a e i p p
bool 12 1 1 0 1 1 1 0 1 1 0 0 1
int 12 66 45 14 2 5 33 73 33 43 31 19 11
bool 13 0 1 1 1 1 1 1 1 1 1 1 0 1
double 13 0.99 4.37 1.74 6.19 2.09 0.67 4.48 3.59 0.45 9.97 4.43 0.87 7.99
bool 14 0 0 0 1 1 0 0 1 1 1 0 1 1 1
int 14 79 89 91 58 57 36 55 54 53 67 97 67 65 91
int 16 80 15 85 61 16 27 20 61 56 86 9 3 85 95 54 25
bool 16 0 0 0 0 0 0 1 0 1 0 1 1 0 1 0 0
char 17 o a b k i l e j p j k m d f t k l
double 17 0.85 9.81 4.52 9.88 5.41 4.63 1.41 4.4 5.7 5.46 4.85 1.96 8.36 3.63 6.25 6.97 6.95
bool 19 1 1 0 1 0 1 0 0 0 0 1 1 1 0 1 0 1 1 1
int 19 96 1 71 7 36 87 5 89 48 20 18 78 4 73 69 4 50 46 39
double 23 1.99 1.05 5.2 3.64 1.45 4.89 4.7 8.44 1.13 7.92 6.3 1.69 8.97 6.01 3.87 7.93 2.51 5.27 2.94 2.13 1.62 9.82 6.09
bool 24 0 0 1 0 0 1 0 1 1 1 1 1 0 1 1 1 1 1 1 1 0 0 1 1
double 25 5.03 0.91 1.49 7.69 2.28 6.23 0.31 1.54 0.85 7.64 6.96 8.81 5.86 9.35 3.02 0.54 0.29 7.01 9.6 7.18 7.66 8.75 0.5 6.93 0.1
int 25 11 1 75 92 87 15 62 91 17 15 28 52 12 5 15 36 13 49 46 1 94 37 41 13 23
bool 25 1 0 1 0 1 1 1 0 0 0 0 1 0 1 1 1 1 0 0 0 0 1 0 1 0
double 27 7.27 8.68 5.72 4.32 1.47 8.78 4.08 2.3 3.71 5.82 4.87 9.23 6.41 1.85 4.56 2.93 2.67 4.86 9.03 7.16 4.24 0.95 1.68 3.38 9.72 8.5 7.54
bool 27 0 0 1 1 1 1 1 1 0 0 0 1 1 1 1 1 0 1 0 0 0 0 0 0 0 0 0
bool 28 1 0 1 1 0 1 1 0 1 1 1 0 1 0 0 0 0 0 1 1 0 0 0 1 0 1 1 1
int 28 67 50 66 61 29 89 17 76 89 67 14 27 71 12 95 96 60 87 66 10 69 48 5 44 53 8 13 46
char 28 q r q t n d q d p p t b n m e p q d a j r d f c b r c s
char 33 i j r t m r h p q d g t c i i b s i l c l p t d g r j h q k j j s
int 33 91 84 26 73 3 21 34 77 34 78 74 98 36 75 85 49 49 98 50 71 75 8 4 5 46 65 66 91 64 74 18 16 57
int 34 24 58 73 82 35 66 2 95 85 69 47 23 51 3 48 74 41 6 6 30 58 76 48 66 43 32 13 46 89 59 19 33 86 34
bool 36 1 1 1 0 1 0 1 0 1 1 1 0 1 0 0 1 0 1 0 0 0 1 0 0 1 0 1 0 0 1 1 0 1 0 1 1
int 37 94 9 2 18 98 60 4 22 24 16 57 2 21 17 69 77 12 21 18 81 28 90 95 43 26 8 34 48 32 22 44 71 73 22 85 84 14
bool 38 0 0 1 1 0 1 1 1 1 0 1 0 0 0 0 1 1 1 0 0 1 0 1 0 1 1 1 1 1 0 1 1 0 1 1 1 0 1
bool 38 1 0 0 1 1 0 0 1 0 0 1 0 1 0 0 1 1 1 0 0 0 1 1 1 0 0 1 1 1 0 0 1 1 1 0 1 0 0
int 38 37 5 47 61 31 56 20 74 32 46 68 76 58 99 75 45 9 73 43 77 37 80 76 66 26 19 66 96 70 83 47 69 37 69 32 67 4 56
bool 41 0 0 1 0 1 0 1 1 1 1 0 1 1 1 1 0 1 0 1 0 1 1 1 0 1 0 1 0 1 0 0 0 0 1 0 0 1 0 0 0 1
char 44 f a r b j l g r c m b g m b k e g k t g d m s g f q q k t e s n e k f k r m o n n n r i
int 44 56 90 30 93 18 39 15 99 48 15 64 52 57 6 8 73 3 27 79 18 52 31 37 51 40 55 66 26 23 50 67 95 40 82 51 63 31 75 95 57 33 37 46 89
int 47 31 79 61 38 64 65 51 7 56 45 65 26 98 47 53 24 7 38 18 26 51 98 78 7 71 81 21 3 67 18 58 44 44 38 26 78 97 47 49 79 73 72 11 9 2 48 84
bool 47 1 0 1 1 0 1 1 0 0 0 1 1 0 1 0 1 0 0 0 0 1 0 1 1 1 1 0 1 0 0 1 1 1 0 0 1 0 1 1 1 0 1 0 1 1 0 1
int 47 91 1 17 89 74 93 38 4 85 32 35 33 35 26 13 67 71 57 74 96 88 45 77 30 24 36 89 57 49 78 4 5 41 69 59 84 72 48 78 77 14 73 30 19 85 71 11
bool 48 1 0 0 1 0 1 1 0 1 0 1 1 0 0 0 1 1 1 0 1 1 1 1 1 0 0 0 0 0 0 0 1 0 1 0 1 1 1 1 0 1 0 1 1 1 0 1 0
char 48 h c o r f d d p i s r o r p e f h h d i g l r l l d n a b h e i j m j g h m j c o b j r j j m q
int 49 27 96 72 60 2 79 11 12 36 76 64 2 48 13 29 11 94 20 11 73 53 33 19 6 48 1 19 37 21 64 60 81 99 2 13 9 29 28 95 61 67 22 55 15 5 87 27 91 23
double 51 5.45 5.96 6.31 8.41 3.68 6.65 3.32 2.9 2.19 7.83 1.73 3.68 7.67 9.9 7.31 4.49 4.28 5.32 2.07 7.86 7.28 1.32 0.68 5.91 5.23 1.46 7.58 0.25 6.92 1.23 4.58 5.25 7.83 1.1 6.56 1.31 0.91 9.97 5.48 7.21 3.4 1.38 4.63 5.26 7.68 1.07 9.8 8.52 9.14 5.07 2.62
bool 52 1 0 0 0 1 1 1 1 1 1 1 0 0 1 0 1 1 1 0 1 1 0 1 1 1 1 1 1 0 1 1 0 1 1 1 0 0 1 0 0 1 0 1 0 1 1 0 1 0 1 1 1
char 52 p d q p j h f e f k i m g o t b g i t s s h c c p e c s i k c c d s f o j j m f p d r e k k s o h l l t
bool 53 0 1 1 1 0 1 1 1 0 1 0 0 1 0 1 1 0 0 0 1 0 1 1 1 0 0 1 0 0 1 1 1 1 1 1 1 0 0 0 0 1 0 0 1 1 1 1 0 0 1 1 0 0
int 54 13 12 21 73 92 11 4 49 36 49 26 87 36 66 74 33 28 35 71 25 11 15 51 7 58 25 58 39 73 16 69 42 12 71 74 56 72 35 75 89 58 62 90 51 25 32 53 98 2 63 79 65 82 62
int 54 77 57 74 41 3 6 34 69 43 68 38 86 70 75 59 3 58 38 40 64 44 65 77 23 21 58 15 77 11 74 26 68 79 42 65 35 68 68 61 65 53 50 22 86 58 7 76 7 50 85 92 15 75 18
int 54 27 11 53 72 79 77 81 52 25 95 31 31 62 58 75 17 59 97 88 50 38 96 63 7 98 52 45 49 65 28 22 13 78 29 44 11 9 26 22 50 80 14 21 15 77 43 80 36 38 13 41 50 58 78
int 55 58 92 9 77 25 58 96 65 71 72 66 76 83 28 2 45 13 71 94 90 93 85 36 46 51 95 60 15 86 65 41 22 33 71 59 93 50 74 3 9 23 79 48 47 92 70 61 51 95 58 33 89 85 47 36
int 57 91 70 73 94 29 38 84 85 6 93 68 15 89 72 29 77 27 89 97 70 71 19 66 14 54 28 83 27 74 47 90 20 9 62 2 88 28 32 30 7 9 20 57 93 58 43 5 25 98 74 95 63 64 2 6 64 9
char 57 m i q o e t n h l p g t l t k r k j s s l q n n p h c e b i i r a t i e t e p q i h g d s s l o g s l c r q l o q
bool 57 1 1 0 1 1 1 0 0 1 1 1 0 1 1 0 0 0 0 0 1 0 0 1 0 1 1 1 1 1 1 1 0 1 1 1 1 1 0 0 0 1 0 0 1 0 0 0 1 1 0 1 1 1 0 0 1 1
double 59 9.24 2.3 6.62 3.96 3.9 9.79 8.25 2.12 9.36 2.71 8.46 5.21 0.64 7.57 3.19 3.5 8.62 5.04 5.36 2.21 5.98 2.29 3.81 5.29 7.88 3.5 2.62 3.94 4.82 8.13 1.63 3.6 8.58 4.03 8.47 6.89 3.56 4.59 2.4 5.9 2.48 8.58 9.59 6.74 7.83 7.67 3.34 1.25 5.25 0.41 4.56 2.81 1.89 2.16 2.84 6.49 5.32 9.98 5.68
char 59 i j j h f n b b a s p e j n c m g l k s g h j m j i g p k f f k r a n s i p m a o h s n i a m c b e b f k f a j o n q
int 60 54 30 42 77 31 67 79 47 46 34 59 68 28 61 57 41 37 50 15 79 99 81 1 8 15 66 53 18 78 73 76 46 1 46 40 70 38 73 65 30 50 71 58 81 26 57 32 73 24 63 60 91 77 79 11 97 29 81 87 99
char 61 f k k k k g q p t r c n d g k b c r t l k m f e k o o o a t i r l m s i b m h o e c o e a l o c e g p q g i n r b s t k i
bool 62 1 1 1 0 0 1 0 1 1 0 1 1 1 0 1 1 0 1 0 0 0 1 1 0 1 1 1 0 1 0 0 1 1 0 0 1 0 0 0 0 1 1 0 0 1 1 1 0 1 1 1 1 1 0 0 0 0 1 1 0 1 0
int 62 76 80 72 59 91 68 79 81 52 35 69 85 57 37 81 63 40 6 34 19 98 49 39 23 51 17 50 78 74 20 29 45 61 37 57 47 44 71 63 99 19 86 24 56 46 20 37 58 42 55 48 84 85 58 61 52 11 85 92 21 51 33
char 63 h q a b l n k m o n g h r a q q c n t c f r q p h d k t i n l h c r f l c j d a o d c c l r l c e p s t g t f d q d n l j b s
char 63 m f c j o e g c k s r n i g e p h n n k b f q o d p g m m k c l q n c e r q h k t i e e q o o k c j i s d q n n i o i q m t n
bool 64 0 1 0 1 0 0 0 0 0 1 1 1 0 1 1 0 0 1 0 0 1 1 1 1 0 1 1 0 1 1 1 1 1 1 1 0 0 1 0 1 0 1 1 0 1 1 0 0 1 0 0 1 1 0 0 1 0 1 1 0 0 1 0 1
double 65 8.37 9.48 2.43 9.42 6.37 6.51 1.08 5.12 7.03 3.54 3.4 1.19 4.11 5.09 1.04 5.89 9.32 4.19 6.66 0.19 2.92 9.96 2.96 5.19 9.51 4.86 1.18 4.78 3.79 5.75 3.81 9.12 5.69 1.48 5.2 2.53 8.34 4.26 8.56 0.99 9.92 5.86 5.25 3.74 1.46 8.44 6.91 6.03 5.59 4.54 4.95 5.33 9.38 5.83 9.83 9.89 2.1 4.54 9.22 6.15 0.3 7.02 0.31 5.55 5.73
double 65 4.75 3.86 8.96 3.35 7.41 2.94 7.33 9.1 6.91 7 0.64 5.22 3.46 6.79 8.32 7.07 6.9 2.33 8.26 5.99 2.05 1.66 6.44 2.43 3.56 7.4 3.24 4.42 8.58 0.93 4.34 6.58 5.23 4.67 7.16 1.37 9.53 5.83 7.33 3.59 0.75 1.83 1.18 0.16 9.39 3.84 1.56 0.68 1.13 9.92 7.85 8.67 0.84 5.12 5.18 1.32 2.62 4.36 5.33 0.75 2.84 3.89 8.54 0.56 8.89
double 66 7.16 5.22 7.77 8.82 2.14 2.65 0.57 3.59 3.63 8.67 8.29 7.52 7.39 5.86 5.74 8.61 8.88 2.65 3.01 9.11 6.78 5.64 4.74 3.77 9.99 3.92 4.8 6.27 4.6 5.65 4.46 8.14 1.15 1.31 5.23 0.14 9.5 6.46 6.44 1.61 7.76 4.28 5.6 8.66 7.9 6.86 2.8 7.15 7.5 2.93 9.25 2.19 6.32 0.61 8.62 9.66 1.29 3.72 8.98 8.29 5.17 7.65 9.82 4.58 0.99 3.02
double 68 0.3 9.31 2.56 9.75 1.14 9 6.37 7.66 5.9 5.79 5.8 4.91 7.11 5.87 6.76 7.33 8.84 1.27 7.4 5.5 8.59 3.77 7.26 0.32 6.54 2.02 1.33 9.93 5.71 9.61 0.81 7.29 4.68 6.63 7.43 0.71 3.49 5.87 7.32 2.58 1.27 9.87 3.67 9.75 2.65 3.46 2.95 1.6 3.51 4.31 5.22 5.56 7.07 4.83 0.07 5.82 0.11 9.2 0.85 1.62 3.95 7.41 3.53 5.59 8.62 2.13 9.55 7.23
bool 68 1 1 0 0 0 1 1 0 1 0 0 1 0 0 1 1 1 1 0 1 0 0 1 0 1 1 1 0 0 0 1 0 1 1 1 1 0 1 1 0 0 1 1 0 1 0 0 0 0 0 0 0 1 0 1 0 1 1 0 0 1 0 1 0 0 1 1 0
int 69 6 44 64 88 80 98 49 54 73 74 97 18 13 60 72 96 33 90 21 92 35 57 88 5 96 3 38 37 10 96 20 18 19 12 23 9 71 55 33 11 18 42 86 32 91 93 39 91 51 51 76 37 19 45 66 80 73 97 23 25 80 78 18 55 55 76 63 82 60
bool 70 1 1 0 1 1 1 0 1 0 0 0 0 1 1 1 0 0 0 1 1 0 0 1 1 0 0 1 0 1 0 0 1 1 0 1 0 1 0 1 0 1 0 1 0 0 0 0 0 1 1 0 1 1 0 1 1 0 0 1 0 0 1 0 0 1 1 1 1 0 0
char 70 t g p r t a j o j p c n b f q c c r l f i k t c f l i e d l s q b m b j f i e p p r b i p j h s c f r r k t k p g l r p a l q b r f g j r d
double 71 8.61 7.65 2.32 9.67 2.23 4.67 8.87 1.22 7.26 4.1 0.27 1.9 6.57 7.06 8.23 2.35 0.29 3.86 4.59 1.75 3.01 0.02 2.01 0.21 3.03 6.1 1.47 2.19 5.6 2.67 1.84 2.41 0.5 2.16 6.98 6.02 2.18 4.79 2.1 9.12 0.97 1.35 5.39 8.96 0.03 6.3 3.82 3.88 2.86 8.65 4.38 7.28 8.46 7.52 6.86 8.33 1.71 6.13 1.53 5.63 0.46 9.7 5.8 0.29 9.17 7.41 8.28 8.16 5.63 3.95 2.17
double 72 5.45 9.39 5.43 0.33 4.19 4.58 0.83 9 9.45 7.84 3.79 9.97 7.15 7.95 3.26 2.26 6.08 0.24 5.96 4.17 5.5 8.96 7.72 8.38 6.59 9.81 4 3.72 2.09 1.31 9.5 3.45 2.32 9.27 2.96 0.56 4.31 1.85 0.43 2.79 1.92 1.81 2.86 6.02 7.27 9.76 7.23 8.27 1.16 1.77 4.82 7.26 4.34 9.87 6.65 7.26 5.79 3.6 3.59 3.97 7.08 7.14 6.69 6.83 7.55 5.76 3.43 0.87 1.21 5.73 0.62 8.88
double 73 3.7 9.86 0.23 9.54 6.82 3.8 9.43 4.3 8.23 8.63 0.9 9.91 8.55 8.06 2.67 5.63 0.83 2.91 5.03 6.19 5.01 6.76 1.9 4.03 9.42 2.99 0.22 6.47 0.22 8.4 5.71 3.38 0.16 9.43 4.26 0.97 8.58 6.31 8.5 9.93 2.05 9.56 1.74 2.43 7.57 7.04 7.38 6 0.27 4.05 0.15 7.69 3.9 9.82 4.1 4.13 4.11 9.21 4.72 0.13 4.44 5.88 4.65 6.35 7.1 8.41 3.42 5.61 8.58 2.77 6.74 8.67 3.43
bool 73 1 0 1 1 0 0 1 1 0 0 0 1 0 0 0 0 0 1 1 1 0 0 1 1 0 0 1 1 0 0 0 1 0 1 0 1 1 1 1 1 1 1 1 0 1 0 0 0 0 1 1 1 1 0 0 1 0 0 0 1 0 0 1 1 0 0 1 1 1 1 1 0 0
int 73 35 59 86 30 62 49 36 60 11 95 98 84 72 8 73 30 1 52 71 13 28 8 47 54 86 68 35 54 69 78 88 60 73 5 86 91 57 28 74 15 18 56 72 8 7 3 23 80 18 80 89 54 78 46 96 81 25 71 54 62 43 92 46 11 64 74 15 61 42 85 66 12 4
char 74 l k a e r a n b t e p j a e s r r i q j o n i k r t h l j b h b s e g m j m s a d s c j b q s l t r f n r m i i r a m q i m q i b i f h i o k f c n
double 75 0.22 6.58 4.45 1.44 1.02 9.94 9.19 3.31 3.33 2.75 5.66 1.43 2.35 1.21 2.56 8.19 0.29 2.64 9.45 1.82 7.71 0.73 0.62 4.59 0.67 4.46 3.8 5.82 1.06 9.17 2.84 8.92 8.5 4.64 8.73 6.72 1.63 4.72 3.88 6.94 7.74 6.59 0.49 4.95 9.37 4.56 4.94 1.75 6.63 0.89 5.52 9.92 5.43 3.73 5.68 9.6 9.26 0.32 5.39 0.83 3.27 9.22 9.92 9.38 7.61 3.41 6.76 2.46 6.5 9.86 4.14 5.71 3.11 6.67 7.43
char 75 j k s l h h t r r c d k g o n i b k k m p f l t e b j q l l t s l h i o m i r p r o j r m o e s g d j q n k r o p h g q c l e f s g f a r m o b g c s
double 75 2.44 7.25 1.95 4.32 1.11 2.3 4.67 1.11 8.89 7.92 1.93 8.17 8.63 8.17 3 2.72 8.39 5.83 9.32 7.28 0.19 3 6 1.29 5.86 5.68 9.33 7.86 1.91 9.22 3.48 9.89 6.8 6.21 7.89 2.82 6.88 2.15 3.53 6.27 9.33 7.67 9 1.87 8.09 0.98 3.78 9.38 8.66 6.27 2.1 7.27 5.92 3.2 8.04 6.25 0.81 3.83 7.93 2.4 8.23 1.54 3.58 6.79 3.46 1.24 7.94 6.1 3.62 0.41 9.47 0.16 0.7 5.86 3.56
bool 76 0 1 0 1 1 1 0 1 0 1 1 0 0 0 0 1 1 1 1 0 0 0 1 0 1 0 1 0 0 1 1 1 1 1 1 1 1 0 1 1 0 1 1 1 1 0 1 1 1 1 0 1 0 0 0 1 0 0 0 0 0 0 1 1 0 1 0 1 0 1 0 1 1 0 1 0
int 81 36 63 37 36 85 48 37 56 18 19 23 64 83 23 18 76 22 94 85 38 26 40 8 16 20 77 31 75 67 23 23 72 29 96 24 38 83 1 50 83 52 6 64 69 92 6 92 27 42 90 69 59 75 64 69 42 41 76 36 70 90 3 95 33 18 40 99 26 73 93 40 27 71 14 71 65 63 65 99 66 31
int 83 90 45 14 74 93 77 76 8 64 16 56 13 7 15 67 55 42 60 48 69 82 78 37 4 25 20 12 70 17 65 77 72 96 88 91 87 70 21 3 21 8 62 13 23 32 61 84 12 86 86 3 3 3 70 16 51 97 5 56 82 78 33 64 4 39 14 29 40 96 44 21 17 60 94 72 53 13 82 25 92 94 78 65
int 84 29 47 16 14 50 71 93 47 57 56 73 8 11 58 3 64 73 1 72 49 76 63 39 26 95 78 42 46 91 84 12 79 47 93 85 17 94 15 80 87 51 73 60 54 85 75 31 89 34 12 19 47 27 92 50 11 43 10 10 29 85 68 79 7 1 75 68 36 19 17 5 39 64 18 88 72 4 39 50 6 26 86 94 37
double 84 7.57 0.7 2.19 4.27 0.67 7.99 6.61 7.44 5.57 9.81 9.82 5.95 0.38 4.07 1 7.6 2.5 0.78 3.53 8.49 3.34 2.7 2.86 3.47 8.12 6.86 1.07 4 2.67 7.08 6.51 5.85 2.38 2.93 8.11 2.15 3.24 0.55 6.49 3.12 1.02 0.54 1.01 1.49 4.56 7.68 9.11 2.04 8.23 2.08 1.31 2.18 2.43 3.29 3.92 1.24 1.91 3.65 8.09 8.23 7.68 7.32 7.59 9.1 6.32 5.04 3.01 8.85 8.35 7.23 7.15 9.07 2.61 2.93 4.35 4.37 9.18 7.41 7.96 4.39 4.42 5.09 1.63 6.53
bool 84 1 1 0 0 1 1 0 0 1 1 0 0 1 1 0 1 0 1 1 1 0 1 1 0 1 0 1 0 0 1 0 0 0 1 1 1 0 0 0 1 1 0 0 1 1 0 1 1 0 1 1 0 0 0 0 1 1 1 1 1 1 0 0 0 1 0 0 0 0 0 0 0 0 1 0 0 1 1 0 1 1 1 1 1
double 88 1.28 5.88 1.9 1.37 0.54 3.65 3.84 9.64 1.83 9.27 7.89 4.69 0.45 7.43 9.42 9.84 4.29 3.86 0.52 2.66 7.06 6.39 7.49 6.24 5.91 1.71 1.73 9.94 5.9 1.35 9.72 7.42 1.29 4.77 6.15 6.98 6.37 4.09 2.65 5.63 6.94 3.95 4.89 4.85 0.9 3.98 1.62 9.75 9.75 5.74 2.11 8.26 7.64 7.45 6.58 9.51 0.69 4.53 7.25 7.82 7.37 3.64 8.34 4.84 4.57 2.06 2.58 1.67 4.05 5.34 1.86 0.31 9.68 4.46 6.27 8.11 7.23 0.46 6.03 7.9 4.32 8.02 7.9 7.02 8.24 5.71 3.8 9.52
double 88 9.75 3.16 7.14 0.63 0.12 5.72 9.67 2.04 1.99 6.46 8.45 9.87 8.25 9.84 7.25 2.77 4.76 2.48 9.89 8.35 9.47 4.9 2.85 4.8 5.29 5.44 9.02 7.44 6.94 5.86 5.03 3.43 1.42 4.72 9.7 7.06 8.67 6.24 3.82 7.66 8.14 3.96 8.25 2.14 8.21 5.42 4.79 6.4 6.06 4.89 8.16 9.62 1.11 2.93 3.85 8.28 6.96 5.09 1.09 0.1 8.24 8.78 5.32 6.86 5.32 2.88 2.93 6.49 9.65 3.95 1.69 0.44 0.59 9.43 1.92 7.72 8.18 7.47 2.94 9.28 9.71 1.15 9.73 2.86 4.9 0.64 0.96 8.42
char 93 m r i n o i p k k t o t c j t k h f i p e h j p t m g s h o s n n g d s i c s i l a f f k o m c s k j g f c o p n r g h l f o i n d n k f s r d b d a n t c d g n e b q c q c s l g f f e
bool 95 1 1 1 0 1 0 1 0 0 1 0 0 1 0 0 1 0 1 1 1 1 0 0 1 1 0 1 1 1 1 0 1 0 0 0 0 0 0 1 1 0 1 1 0 1 0 1 0 1 0 0 0 1 1 0 0 1 0 1 0 1 0 1 0 0 1 1 0 1 1 0 1 0 1 1 1 0 0 1 0 1 1 0 0 0 1 1 1 0 1 0 1 0 1 0
char 96 b p o l q p c n c e r o p l p m c e c a f i l e r f i b m m t d p g r h e e h o l g g t s a a l a k t l k n n e j j p d h d a e a f c e m f t l k h t f h p g d o c t r l p n r k i p d l s p r
bool 97 1 1 0 0 1 1 1 1 0 1 1 0 0 1 0 0 0 1 1 0 1 1 1 1 0 0 1 0 1 1 1 0 0 1 0 1 0 1 1 0 0 0 1 1 0 1 1 0 0 1 0 0 0 1 0 0 0 0 1 0 1 0 1 0 0 1 1 1 1 1 0 0 1 1 0 1 1 0 0 1 0 0 0 1 0 0 1 1 1 1 1 0 1 1 1 0 1
bool 97 1 0 1 1 0 0 1 1 1 1 0 0 0 0 1 1 1 1 0 1 0 1 0 1 1 0 0 1 1 0 1 1 1 1 0 1 1 1 1 0 1 0 0 0 0 0 1 1 0 1 0 0 0 1 0 0 1 1 0 0 1 1 0 1 1 0 1 0 0 0 0 0 1 0 1 0 1 0 0 1 0 1 1 1 1 0 0 1 1 0 1 0 1 1 1 0 0
double 99 6.71 4.29 3.04 2.78 7.35 7.34 1.75 0.39 8.28 6.65 8.23 4.19 2.99 5.7 8.29 3.36 0.93 2.09 2.5 9.6 8.68 3.51 3.82 5.45 2.1 0.86 6.36 4.15 0.38 3.01 0.63 1 9.06 9.75 0.78 8.69 2.45 9.13 2.14 1.26 7.41 9.54 8.51 9.43 5.09 9.68 8.68 4.71 8.18 0.47 6.26 7.82 2.41 7.38 7.54 0.98 2 0.87 5.57 8.62 0.74 6.35 8.28 9.06 5.51 9.31 4.96 8.18 5.56 5.92 7.95 9.98 6.76 0.5 7.69 9.51 8.82 4.26 1.4 3.28 5.36 3.18 3.19 6.98 9.41 4.85 4.46 5.17 7.61 6.04 6.96 0.84 7.13 5.18 6.18 5.43 6.77 8.53 7.74
int 102 57 69 83 26 69 9 99 1 12 48 74 62 82 88 49 19 91 51 83 7 55 47 32 95 58 63 16 32 34 9 40 2 78 60 68 73 47 3 32 51 60 95 80 49 11 25 64 28 81 24 41 12 57 52 62 87 50 1 50 93 63 2 7 42 13 30 10 76 49 76 83 2 10 24 62 89 47 48 94 59 43 89 79 64 24 62 63 16 17 10 71 36 92 71 58 88 23 84 72 38 58 88
bool 102 1 0 1 1 1 1 0 0 0 1 0 1 1 0 1 0 0 1 1 0 0 1 1 0 0 0 1 0 0 1 0 1 1 0 1 0 0 1 1 1 1 1 0 0 0 0 1 1 1 1 1 1 0 1 0 0 0 0 1 1 1 0 0 1 1 1 1 0 1 0 1 0 0 1 1 0 1 0 1 0 0 1 1 0 0 0 0 0 1 1 1 0 1 1 1 0 1 0 0 0 0 0
int 103 36 72 11 6 41 79 97 36 77 36 9 20 39 15 73 53 49 60 97 4 52 16 55 24 46 51 36 12 96 2 88 20 6 47 50 65 69 93 57 49 55 65 83 47 93 52 18 34 71 67 89 11 61 59 98 63 68 20 49 90 22 55 47 86 96 37 88 31 94 80 3 59 97 31 32 40 89 23 58 41 89 42 23 35 16 25 99 39 60 11 36 13 28 52 34 86 96 53 81 51 33 17 6
bool 103 0 1 1 0 1 1 1 0 0 1 1 0 0 0 0 0 0 0 0 1 0 1 1 0 1 1 1 0 0 0 0 0 1 1 1 0 0 0 0 0 0 1 0 1 0 1 0 0 0 1 1 1 0 1 0 1 0 0 1 0 1 1 1 1 0 1 1 0 0 0 1 1 0 0 0 1 1 0 0 0 1 0 1 1 0 1 0 0 1 0 1 1 0 1 1 0 1 1 1 0 0 0 1
double 103 4.92 7.89 0.87 7.3 2.07 3.8 4.98 9.66 0.91 9.95 7.76 5.09 6.85 7.24 2.48 4.34 9.61 3.86 2.14 6.78 7.38 0.25 3.49 0.79 9.53 2.2 6.84 7.62 5.07 6.06 8.06 4.37 8.65 9.12 7.12 8.94 7.96 0.04 7.69 9.59 8.07 6.77 1 4.09 9.76 7.14 2.41 0.56 4.24 3.01 9.29 9.7 8.47 8.13 2.48 6.22 9.43 7.64 1.92 6.07 4.31 3.3 3.58 2.63 0.28 1.11 2.37 0.85 7.05 1.18 0.5 0.78 6.1 4.25 0.99 8.85 9.82 3.12 9.37 2.58 3.24 5.24 5.51 9.21 8.34 8.08 1.46 3.87 8.57 7.66 8.25 7.9 3.66 9.59 3.77 3.9 5.92 0.25 0.83 2.08 0.73 4.47 3.49
double 106 9.04 8.53 1.92 4.31 8.96 4.48 7.74 1.35 1.31 5.22 3.16 9.02 2.48 3.94 5.86 9.4 1.7 1.5 8.91 0.44 1.04 5.84 2.48 0.38 1.76 0.74 2.3 3.81 9.32 9.41 1.46 9 3.71 8.03 9.42 6.12 5.31 6.22 5.56 0.85 5.17 3.41 5.39 2.01 4.18 0.07 7.69 1.61 5.45 8.65 6.85 3.83 0.29 7.51 7.21 4.68 5.21 4.47 5.03 2.37 3.47 7.95 7.88 7.25 1.78 9.95 8.11 1.76 0.8 9.09 7.53 0.63 9.29 0.44 8.51 6.73 7.83 1.08 8.78 0.83 7.46 5.08 9.3 5.9 9.41 5.62 0.16 2.34 2.68 7.87 9.25 6.41 7.05 6.77 5.16 9.8 9.14 7.74 5.4 7.4 3.88 4.46 5.16 2.24 0.66 1.22
bool 106 1 0 0 1 1 0 1 0 0 0 0 0 1 1 0 0 0 1 0 0 1 1 0 1 1 0 1 1 0 0 0 0 0 0 0 1 0 0 0 1 0 1 0 1 1 0 1 1 0 1 1 1 0 0 1 1 0 0 1 0 0 1 0 1 0 0 0 0 0 1 0 1 1 0 1 1 0 1 1 0 1 0 1 0 0 0 0 0 0 1 0 0 1 0 1 1 1 1 0 1 0 1 1 1 0 0
double 108 0.57 4.95 4.17 6.82 6.83 7.23 0.93 0.78 7.75 7.59 7.62 3.4 0.44 3.86 0.39 1.73 4.24 7.88 1.37 5.83 6.81 9.61 0.94 8.99 7.18 5.32 9.69 1.11 2.15 0.66 5.94 4.18 9.06 8.2 6.11 8.46 5 2.36 0.02 7.98 0.71 2.85 8.09 0.77 3.59 4.12 7.56 9.24 4.93 8.55 7.02 9.38 8.19 8.16 1.85 4.29 9.36 7.44 1.6 0.79 6.15 1.39 9.3 3.32 2.61 1.95 8.4 2.54 6.43 1.8 3.46 0.15 6.42 8.43 3.35 6.92 9.42 7.69 9.72 8.01 4.98 4.57 7.23 9.1 4.18 3.45 8.62 8.07 6.48 6.89 0.17 0.42 7.43 4.88 5.71 2.58 0.75 1.73 1.86 8.25 5.18 6.31 8.81 1.98 8.34 0.36 1.3 5.61
