int 11 inorder 587 170 820 249 251 866 556 647 53 248 497
int 11 inorder 526 728 203 774 384 837 556 722 802 902 99
int 12 inorder 106 264 537 840 436 852 281 150 784 43 730 705
int 14 postorder 910 225 359 913 754 265 488 829 476 311 529 261 591 38
int 15 postorder 971 1 997 350 85 117 809 865 900 299 607 759 14 74 3
int 15 postorder 29 931 849 434 406 91 42 618 491 160 910 75 24 982 378
int 18 postorder 389 166 157 177 632 863 17 799 145 327 575 789 596 165 717 672 373 975
int 18 preorder 849 67 918 471 158 189 641 878 526 279 983 420 890 284 787 677 946 495
int 18 inorder 960 869 219 656 135 234 179 813 968 41 630 546 713 682 804 754 404 690
int 23 inorder 374 273 62 422 42 114 107 997 327 584 316 985 57 255 186 128 559 663 382 33 60 950 44
int 25 preorder 19 86 737 829 662 27 853 949 541 292 110 138 589 479 674 883 503 413 927 103 118 747 392 78 655
int 25 preorder 542 339 842 49 260 721 351 611 384 680 77 254 765 117 301 185 257 881 896 667 375 204 942 502 566
int 25 preorder 651 977 367 5 623 873 639 935 806 62 458 636 526 152 440 896 76 493 352 899 742 548 522 371 773
int 26 postorder 621 49 331 332 340 835 858 987 245 87 794 622 724 455 906 351 813 425 114 489 668 252 768 439 551 436
int 27 postorder 695 447 29 549 250 200 4 705 153 346 838 778 824 219 554 532 100 638 565 83 181 262 378 885 668 872 958
int 27 preorder 72 937 392 488 444 848 612 393 899 565 370 269 548 53 259 379 681 960 711 568 186 34 196 77 155 811 662
int 29 postorder 165 621 831 100 970 749 42 144 296 24 667 625 29 223 141 207 683 237 693 860 811 451 622 390 812 633 615 289 779
int 29 postorder 285 733 210 899 565 621 592 887 545 778 496 743 801 582 595 101 588 405 833 312 804 118 835 3 248 567 422 318 454
int 29 inorder 545 542 608 631 151 465 66 339 629 518 559 251 622 231 175 285 446 884 990 218 869 572 37 245 10 221 744 540 746
int 29 inorder 462 865 316 874 975 290 42 916 150 270 66 983 840 384 86 85 979 176 466 84 319 64 935 700 352 71 41 302 389
int 30 inorder 671 272 379 406 518 550 852 91 151 499 968 339 625 665 798 55 51 472 939 178 944 190 991 588 227 158 711 791 842 819
int 30 preorder 237 690 486 529 126 694 970 962 863 701 133 323 816 63 581 682 505 405 649 828 119 91 654 961 244 242 698 404 234 109
int 32 preorder 411 8 782 22 571 968 236 632 877 16 50 56 805 436 594 28 948 83 499 351 790 712 969 731 164 119 244 740 262 510 494 701
int 32 inorder 601 271 733 555 47 167 614 313 822 958 202 812 455 169 755 195 32 450 90 149 913 349 335 856 892 924 522 639 720 677 293 554
int 33 inorder 951 346 702 167 839 285 568 145 527 231 418 721 95 186 141 621 228 436 993 691 744 78 89 80 582 870 560 661 321 209 299 14 749
int 33 inorder 590 445 689 639 523 680 268 192 411 858 228 667 412 508 106 294 677 772 399 109 58 67 975 331 76 972 369 103 947 221 765 742 134
int 35 inorder 872 640 224 71 738 924 347 554 760 264 250 144 107 20 533 231 12 289 669 206 325 134 807 317 244 616 2 407 950 29 499 276 606 440 412
int 35 preorder 598 775 745 602 765 894 783 712 242 726 424 874 716 572 168 248 471 498 564 896 435 87 262 589 342 469 479 557 796 987 805 802 681 44 688
int 36 preorder 200 227 894 226 757 764 997 597 466 231 699 117 665 380 495 115 438 915 512 940 878 161 949 842 139 549 301 880 629 807 114 970 746 655 145 329
int 36 preorder 350 285 682 585 787 99 783 252 71 89 509 210 744 496 478 10 678 495 512 239 508 799 927 992 694 929 829 786 748 53 364 73 490 363 298 577
int 36 preorder 377 571 967 695 570 502 215 664 994 520 289 214 356 855 3 579 572 636 689 843 930 416 212 213 553 920 114 441 176 806 85 560 739 958 656 59
int 39 inorder 820 754 61 812 516 471 772 169 875 716 719 990 132 188 351 283 969 164 443 297 421 783 134 494 93 436 694 798 96 852 396 534 323 232 535 430 224 280 864
double 40 inorder 6.32 2.36 7.6 3.48 3.91 7.49 6.56 5.66 6.1 8.07 0.82 3.16 2.19 1.65 7.66 9.39 8.97 0.48 6.46 3.58 2.9 3.22 6.67 6.36 9.52 9.55 0.77 7.88 4 8.39 3.86 7.09 4.82 6.77 6.12 2.03 0.02 9.16 8.95 8.2
double 42 postorder 1.07 4.98 4.25 2.2 0.65 2.75 0.93 7.68 0.27 3.1 2.44 2.8 2.17 4.51 4.99 8.78 1.17 6.77 5.27 1.18 0.15 4.24 0.59 0.57 9.54 2.74 2.32 5.09 1.62 1.84 7.34 2.22 3.09 8.48 2.05 1.51 2.27 5.26 4.77 8.34 1.93 4.59
double 45 postorder 7.16 8.88 3.46 6.18 0.92 1.98 9.44 3.3 9.8 2.92 0.45 5.22 1.96 5.29 0.42 2.75 3.07 0.7 6.41 6.27 9.75 4.32 8.57 8.42 4.8 3.89 9.67 0.48 2.2 9.34 8.32 5.24 4.86 3.17 6.94 1.87 5.86 9.87 7.28 3.71 4.79 5.65 4.3 5.15 4.23
int 47 postorder 137 773 860 896 783 583 838 223 110 776 478 263 457 380 649 197 662 627 493 520 361 8 35 581 82 735 53 863 988 849 983 242 214 660 501 629 428 32 981 377 352 903 751 626 664 357 331
double 48 preorder 4.46 0.65 2.08 8.96 3.6 3.49 3.24 6.29 3.36 0.76 4.86 0.42 2.89 0.38 5.22 9.57 4.94 0.94 7.18 2.18 4.09 7.37 4.39 0.21 3.21 5.55 9.71 7.86 5.67 9.84 5.74 2.07 2.96 0.49 8.7 5.49 8.88 2.69 8.33 9.48 4.36 9.54 0.46 3.81 2.44 9.76 7.49 1.6
double 48 inorder 3.31 8.7 0.56 7.9 6.2 2.37 0.64 1.13 2.65 6.47 1.77 9.88 8.75 5.82 3.52 3.78 5.59 6.85 6.76 8.13 4.71 1.59 6.21 2.36 3.99 2.19 8.41 6.67 2.45 4.83 9.5 6.41 5.74 1.28 6.26 3.71 5.34 9.77 6.98 6.72 6.87 3.7 2.18 7.09 3.18 3.44 6.01 3.13
int 49 preorder 83 601 170 606 317 954 618 165 81 215 953 328 977 468 658 812 928 708 315 698 330 294 392 364 266 220 406 669 595 430 116 226 888 840 412 552 730 887 314 706 394 72 126 503 791 605 193 283 130
double 49 postorder 1.17 2.66 7.82 0.29 8.52 4.19 0.85 3.14 3.54 2.69 7.39 7.88 3.95 8.78 5.31 4.2 3.25 2.1 8.85 5.24 3.57 1.21 8.98 4.88 7.49 5.64 3.88 8.77 3.53 1.33 0.04 9.07 3.92 2.01 2.25 3.64 6.9 2.74 3.58 1.06 7.69 8.06 1.47 7.21 8.9 4.98 9.05 9.3 3.01
double 52 postorder 2.68 2.38 2.9 8.64 3.79 7.52 8.43 4.75 1.55 4.52 8.2 7.91 3.62 1.3 7.29 8.86 8.52 1.92 4.25 9.03 8.14 6.04 3.2 5.9 8.06 0.21 7.71 9.76 7.88 4.99 5.66 1.56 3.48 5.58 3.88 4.35 6.12 1.76 1.32 9.32 5.74 8.47 4.24 6.33 1.54 9.41 4.51 1.44 4.01 2.44 9.69 2.67
int 54 preorder 433 691 454 598 313 110 133 564 542 339 699 911 269 989 135 221 387 752 361 852 632 711 204 652 550 673 507 304 978 52 572 266 477 833 453 43 458 717 357 500 12 342 40 624 998 848 244 596 626 210 431 162 559 421
double 55 inorder 4.48 7.6 9.66 0.44 5.64 2.87 1.81 6.26 9.9 8.37 0.25 6.38 5.28 9.92 9.51 8.08 0.95 8.79 8.33 6.01 2.77 4.36 7.51 0.9 0.49 3.93 3.73 3.52 5.8 5.73 9.14 0.32 6.22 8.32 4.19 7.06 8.3 9.08 3.69 8.82 4.37 4.06 1.45 5.1 1.51 2.29 1.16 4.24 7.27 6.18 4.46 0.65 7.76 6.73 8.97
double 55 postorder 3.3 9.72 6.11 0.56 4.51 0.12 3.25 5.99 6.21 6.45 5.24 2.21 1.37 6.35 4.99 8.7 5.82 8.31 9.36 1.58 5.53 5.12 9.23 3.79 1.09 5 7.06 4 0.54 3.29 2.47 6.64 4.29 6.87 5.26 4.2 3.24 3.47 9.55 3.65 9.62 6.09 7.8 8.41 8.33 7.04 9.92 9.34 6.06 8.83 8.09 1.53 2.38 9.84 0.9
int 57 preorder 672 381 653 290 633 440 321 23 189 563 334 386 250 884 627 863 671 178 646 634 901 94 73 584 165 804 420 747 391 632 175 279 911 105 397 727 716 788 444 621 101 99 697 121 573 8 963 503 150 357 114 776 479 469 976 259 156
int 58 postorder 927 572 400 970 171 3 743 810 889 105 744 898 494 626 324 611 459 317 215 499 654 697 429 851 302 394 341 27 304 843 561 378 185 521 724 366 947 881 628 218 86 149 5 409 476 597 560 649 966 690 78 373 473 320 160 118 837 351
int 58 postorder 141 882 452 423 355 963 734 547 861 258 573 653 604 942 915 55 880 702 57 169 481 655 567 487 356 200 663 515 69 214 644 896 803 630 756 60 144 618 594 361 161 394 638 696 259 329 503 761 570 881 938 753 327 712 680 436 797 747
int 60 inorder 178 80 715 276 561 48 476 460 529 589 174 867 847 573 575 771 966 922 24 834 224 863 297 431 601 332 571 893 362 135 182 635 745 355 807 712 840 383 548 223 969 872 661 32 271 626 777 301 311 259 764 620 378 711 330 231 647 333 703 67
int 60 postorder 87 805 138 14 366 183 429 131 222 661 960 530 75 526 195 206 76 427 296 339 969 34 181 305 345 97 433 264 13 455 604 799 62 690 11 250 857 840 287 493 120 724 317 551 807 173 480 489 545 38 116 362 5 240 118 149 82 828 756 390
int 61 postorder 259 662 169 10 900 928 512 469 658 557 820 382 297 18 42 907 77 598 898 242 237 643 471 202 182 766 116 191 846 520 976 884 189 574 144 274 965 899 236 314 511 38 221 930 895 934 920 416 266 599 805 477 247 860 724 735 758 89 858 288 141
double 61 inorder 0.2 6.23 0.4 7.14 1.54 5.46 5.18 7.33 4.48 2.27 0.67 4.24 9.64 3.03 7.56 8.46 4.9 2.88 5.91 7.09 0.25 0.09 8.34 7.67 3.51 9.51 7.58 6.63 4.01 2.74 4.03 5.47 0.87 8.83 4.87 5.45 5.63 8.38 8.91 8.24 5.62 1.07 8.73 9.69 9.01 1.62 0.16 6.35 9.19 3.5 0.43 1.35 7.83 7 8.21 1.1 7.04 1.69 0.63 9.68 2.54
int 62 inorder 61 800 818 582 18 322 820 143 973 635 229 32 662 583 842 478 375 126 428 868 697 511 869 168 183 350 199 487 981 564 72 370 711 37 930 84 484 746 281 811 497 708 926 850 270 379 167 67 855 448 341 152 538 950 430 601 985 200 793 821 737 267
double 64 preorder 3.03 8.6 3.19 6.46 5.92 1.04 4.66 2.86 5.24 1.06 5.29 9.69 5.4 4.39 8.08 9.48 8.58 0.52 9.66 0.39 0.74 0.93 5.77 0.58 6.94 6.24 9.95 1.93 6.32 6.2 9.57 9.07 8.32 3.43 9.97 3.07 6.68 4.67 1.17 8.5 3.92 8.31 1.82 0.91 8.44 5.46 3.95 1.52 5.96 4.64 9.12 3.94 6.84 2.57 5.58 7.43 9.59 5.8 4.93 4.44 6.95 2.63 5.98 5.33
double 65 preorder 9.51 2.97 8.91 5.31 0.96 2.29 9.91 9.96 5.23 5.73 1.48 8.19 3.35 4.01 3.44 3.65 3.13 3.23 4.22 8.77 6.28 4.53 2.89 4.96 8.33 9.68 3.19 1.6 7.32 4 0.02 8.59 6.11 8.13 9.09 2 7.33 7.91 7.21 4.12 5.24 8.37 4.77 5.05 3.36 1.77 8.47 8.74 1.7 2.43 1.94 2.79 1.98 9.59 4.74 7.02 7.51 4.36 5.47 9.57 0.09 3.9 7.39 9.1 6.88
double 66 inorder 7.01 0.74 8.21 1.29 1.64 2.7 1.42 2.05 4.43 9.8 6.49 0.79 0.64 6.98 2.25 3.2 7.46 3.57 1.34 4.78 8.51 2.27 8.79 4.44 9.92 3.31 9.23 7.27 7.11 0.44 9.47 3.26 5.28 8.17 9.72 0.8 7.37 2.06 0.03 2.97 9.91 5.46 0.06 4.21 1.6 2.21 4.85 8.12 8.01 3.96 5.78 8.66 6.97 5.43 4.13 7.8 4.8 5.69 4.35 6.92 7.33 4.01 3.09 1.59 7.22 0.17
int 66 postorder 697 156 1 941 788 610 351 24 986 880 811 617 245 590 665 561 905 208 89 706 215 987 355 415 838 467 970 551 406 516 915 472 964 372 540 759 151 228 61 340 225 962 20 519 155 14 893 671 604 633 267 17 5 275 684 90 261 495 932 976 687 562 931 799 53 515
int 66 postorder 584 942 395 589 72 664 226 484 382 635 261 948 973 813 553 824 289 15 729 14 691 191 980 932 510 161 479 970 303 511 721 525 614 167 775 436 823 353 500 100 716 355 201 803 517 790 543 806 288 362 516 67 732 451 341 762 695 839 8 381 210 330 417 494 609 475
double 67 postorder 8.48 5.87 5.64 0.04 2.89 8.36 5.69 3.6 2.72 8.5 5.28 5.93 7.11 7.98 7.09 8.55 1.06 5 4.13 6.76 2.05 1.24 3.79 4.02 2.22 5.57 8.77 1.46 3.8 2.91 0.45 6.75 4.68 1.53 5.65 9.09 0.95 6.99 6.04 8.52 7.35 2.13 3.17 8.58 1.75 2.29 6.16 0.09 4.75 0.35 6.7 9.92 0.43 1.6 7.83 9.31 5.49 7.75 6.01 4.73 6.58 8.64 7.24 2.1 1.72 5.39 3.41
double 68 postorder 4.28 0.2 0.84 4.76 6.28 1.29 8.99 2.75 8.07 5.55 2.08 5.5 6.21 2.53 6.37 7.84 3.74 9.02 5.8 7.24 3.19 1.08 4.47 2.35 7.3 2.99 6.25 0.47 3.16 5.81 9.07 0.36 6.35 5.16 4.66 6.04 2.41 8.86 8.91 8.83 8.28 3.91 4.01 8.08 6.81 3.37 1.02 5.6 6.36 1.62 5.66 1.2 4.49 3.73 0.73 0.64 8.33 4.41 0.27 3.62 0.68 5.63 1.03 0.61 0.46 6.12 3.09 5.29
double 68 inorder 9.42 5 3.28 6.54 5.13 9.28 6.79 3.72 2.38 9.55 2.58 9.77 7.9 5.05 2.43 6.44 4.68 4.99 6.3 2.98 6.24 4.06 5.44 8.25 8.8 8.78 7.41 4.87 7.78 8.16 2.66 1.07 0.03 1.53 8.12 6.75 0.15 0.74 0.64 5.86 8.01 8.32 0.32 0.91 0.61 5.9 6.35 6.5 0.41 3.93 1.35 7.63 1.24 1.48 7.1 1.91 7.49 5.21 6.17 2.51 3.89 2.89 6.62 2.13 2.1 2.76 6.83 0.09
int 70 inorder 575 653 6 901 280 205 114 393 391 131 590 623 750 215 351 573 106 807 511 503 261 628 520 420 135 798 956 357 182 87 775 561 587 639 923 284 419 462 877 45 878 32 258 955 480 127 512 733 42 900 66 869 176 490 979 763 290 746 65 644 479 757 95 362 231 690 779 151 492 405
double 71 preorder 6.62 4.3 2.6 9.81 4.43 2.75 6.16 5.75 1.63 0.11 8.63 4.02 7.07 2.84 5.03 5.48 1.26 4.03 4.59 3.77 2.52 0.82 5.96 0.49 0.01 9.62 4.57 4.55 8.1 0.67 5.69 5.55 2.38 3.71 3.1 1.49 3.54 1.66 3.2 9.3 0.6 5.77 0.19 7.52 8.83 3.76 4.72 0.36 2.67 0.38 3.26 4.12 0.07 2.07 2.03 0.03 4.88 7.47 4.41 5.02 7.79 1.58 5.39 3.42 3.23 5.49 9.74 0.74 7.59 9.46 4.51
int 72 preorder 602 487 158 347 508 530 803 752 45 646 389 676 144 99 591 654 967 929 994 247 399 946 754 317 140 511 562 289 620 521 968 947 69 518 879 756 381 912 210 767 112 220 535 976 189 314 128 554 983 771 310 101 316 446 282 934 624 712 906 587 339 704 404 565 10 79 830 719 857 892 262 153
int 73 preorder 476 842 361 602 72 951 766 539 704 474 336 122 330 771 983 142 927 638 559 416 17 752 14 126 404 628 165 759 523 153 75 252 900 319 230 636 786 415 940 324 791 107 465 287 621 540 909 438 946 624 615 338 449 970 166 686 582 599 443 641 761 130 854 254 557 63 768 347 261 325 105 291 28
int 74 postorder 49 345 833 548 625 554 45 271 80 252 81 194 459 5 50 368 293 789 655 547 303 752 172 631 487 237 636 72 567 830 95 645 44 450 182 132 332 954 255 518 123 743 119 410 352 855 799 657 695 609 344 179 842 651 806 220 298 907 715 180 478 248 408 664 863 883 934 854 693 544 384 71 886 333
int 77 postorder 208 23 385 378 155 42 229 71 273 201 358 308 567 957 508 945 66 37 633 436 816 213 761 551 390 935 791 504 624 779 226 918 593 327 58 756 24 573 212 428 728 675 483 415 471 871 196 799 569 610 634 407 951 692 763 894 505 840 264 396 846 47 379 257 307 234 432 560 423 82 927 336 140 652 353 29 254
double 79 preorder 9.89 8.9 4.43 6.65 7.71 5.65 3.58 5.48 3.8 3.94 1.69 8.55 6.54 4.91 1.17 0.99 1.9 2.07 2.86 0.74 0.4 8.58 9.07 9.98 2.56 2.82 1.58 5.4 1.14 7.73 5.16 3.59 5.21 5.7 7.68 8.79 4.78 5.63 5.67 1.24 0.11 5.06 5.9 3.3 7.04 3.11 5.38 0.48 1.32 7.45 9.87 8.76 6.5 2 2.85 0.47 9.33 3.51 2.11 2.16 6.88 8.01 5.97 2.79 6.59 7.02 9.03 7.44 5.81 3.75 6.37 6.72 5.82 1.76 6.55 3.99 8.32 6.15 7.78
double 79 preorder 3.41 0.95 1.79 2.55 2.6 4.46 7.99 2.43 3.67 2.69 5.71 0.27 9 6.61 1.49 2.92 7.43 2.14 4.88 2.53 8.77 1.15 6.1 3.34 3.13 6.27 4.85 1 2.01 3.84 0.59 5.27 0.13 3.28 8.41 2.5 3.16 0.81 3.43 9.42 9.66 4.81 9.95 7.05 5.6 2.8 8.57 4.3 9.82 6.75 4.69 4.58 9.14 5.39 2.72 5.19 6.16 7.23 6.37 1.63 5.97 1.54 2.29 6.71 7.51 3.95 3.03 6.99 1.84 3.25 1.21 1.23 9.78 6.83 4.04 9.77 3.69 9.23 8.24
double 80 preorder 4.78 0.4 6 1.13 4.02 1.72 8.55 0.43 5.44 7.94 8.87 2.94 7.06 4.38 9.41 7.37 0.17 7.89 0.26 5.27 1.52 1.53 3.27 8.92 5.82 1.5 2.23 6.03 7.01 7.32 1.87 5.98 4.2 5.18 1.64 5.06 0.63 8.79 8.3 5.45 7.15 4.18 0.92 6.6 8.56 1.82 7.26 5.81 5.23 8.49 5.21 9.88 4.49 3.14 4.5 3.91 2.6 0.29 7.68 6.94 6.25 9.56 0.86 5.49 0.46 9.86 8.09 8.44 2.46 1.44 2.07 3.33 2.95 7.7 0.47 8.14 3.24 5.67 7.1 1
int 81 inorder 88 269 13 522 785 854 986 172 844 944 455 31 678 167 832 330 969 379 376 422 545 94 578 236 717 779 142 393 858 418 797 413 141 336 508 747 636 315 93 706 486 197 397 632 750 807 324 192 592 609 153 247 240 190 56 454 9 279 608 867 554 679 251 136 277 299 742 286 447 760 109 843 831 411 262 253 940 979 749 930 214
double 81 inorder 0.55 0.86 1.35 4.96 1.21 1.5 3.47 4.83 5.27 3.01 1.41 0.26 4.64 5.77 7.74 2.93 4.3 2.88 2.13 5.08 4.33 4.13 5.47 2.59 3.53 1.3 5.49 5.92 5.72 2.74 7.65 4.92 5.56 3.19 5.97 2.95 8.12 1.24 9.92 5 2.18 9.16 0.46 2.49 5.26 3.4 7.15 7.94 3.81 2.35 7.34 7.12 4.66 7.75 4.95 6.7 2.63 3.23 1.98 1.9 8.49 4.17 5.6 3.55 9.43 6.36 6.96 4.53 8.06 2.85 3.63 1.38 2.73 0.83 9.47 2.61 7.23 9.15 6.09 4.5 6.13
int 85 preorder 400 952 850 554 595 306 673 254 428 674 64 928 543 67 245 313 682 565 239 478 242 4 461 192 586 610 80 671 843 230 979 412 425 795 25 155 228 930 223 214 768 432 785 725 220 101 500 697 970 127 443 900 17 298 282 613 790 943 273 430 286 199 489 715 467 969 44 438 782 662 566 49 285 499 862 359 901 521 627 132 820 818 980 893 498
double 85 preorder 7.12 4.15 4.39 7.76 0.14 6.54 9.96 9.59 0.54 4.16 2 6.56 4.38 6.25 8.01 8.77 1.28 3.01 3.32 5.44 2.36 8.67 8.04 9.8 6.14 6.78 3.34 6.5 4.43 9.63 4.71 5.37 8.15 7.37 4.25 3.44 6.16 7.79 3.3 8.52 3.88 6.84 4.37 3.4 3.18 5.9 4.69 3.8 9.77 0.17 7.91 0.46 7.19 5.07 3.61 4.65 9.36 4.72 4.83 7.45 9.41 4.64 8.23 5.41 4.98 2.06 7.64 9.98 6.13 0.02 2.69 3.92 5.73 8.36 8.93 9.18 7.18 8.48 0.8 7.38 9.25 5.87 8.86 4.32 0.87
int 87 preorder 154 325 93 52 169 103 390 125 180 310 840 641 199 262 465 847 954 77 672 838 441 920 648 835 328 907 376 570 654 663 149 991 975 949 223 221 955 515 344 880 818 415 21 728 541 168 345 121 807 972 768 938 309 668 279 725 65 399 517 95 544 122 640 191 320 437 418 212 260 596 547 529 646 554 271 92 272 369 466 786 587 143 84 82 118 639 535
double 87 inorder 7.25 0.3 0.18 5.32 6.72 7.01 3.39 5.35 1.58 5.37 6.86 6.92 7.27 5.21 7.34 9.66 9.41 7.89 9.4 9.62 5.16 1.78 0.98 7.68 9.63 0.91 4.08 4.12 4.87 2.65 3.58 2.02 2.12 2.67 9.03 5.5 1.36 1.56 3.05 2.36 2.53 1.57 5.09 5.05 1.61 4.57 6.49 8.18 5.76 5.62 5.69 2.26 4.16 2.75 1.66 1.07 7.93 6.39 8.17 3.31 4.52 4.77 2.06 0.54 9.22 4.19 6.8 8.89 6.84 1.93 9.68 7.92 6.67 4.35 7.5 2.83 2.69 3.45 0.74 3.84 1.22 6.52 2.92 4.13 9.02 9.1 6.55
double 89 postorder 0.79 1.6 6.91 7.02 4.12 9.48 1.11 8.07 0.47 3.89 6.42 4.03 2.1 8.62 9.6 3.04 1.55 1.78 6.86 8.82 3.26 1.85 3.25 0.1 3.96 9.84 9.26 0.23 1.77 3.62 1.1 2.83 6.75 6.76 0.82 5.11 6.2 7.89 5.54 4.9 2.63 7.26 4.28 9.91 4.8 5.29 6.99 9.33 4.75 8.73 4.22 4.36 7.21 3.53 0.71 9.13 6.24 1.72 1.13 8.54 1.03 9.65 8.91 7.07 8.35 8.43 2.4 8.29 3.21 8.78 3.66 8.66 8.53 0.27 2.16 1.3 7.68 5.75 7.1 2.38 6.89 7.77 0.9 0.66 6.58 8.79 6.78 9.5 0.02
double 89 inorder 8.97 8.59 0.13 5.53 2.88 6.83 5.48 1.12 7.89 9.03 5.61 3.91 7.62 1.06 2.21 5.31 2.68 9.18 4.05 6.86 2.69 2.24 6.31 0.04 8.21 1.02 9.07 3.79 9.86 9.01 6.73 8.03 4.16 7.38 0.7 2.3 4.56 2.44 0.43 0.03 9.3 4.02 8.52 8.26 8.06 3.12 4.4 0.49 6.76 9.42 0.97 4 5.88 3.14 3.28 2.45 3.88 4.69 2.86 5.35 0.37 6.94 3.3 7.12 0.91 0.57 1.47 6.65 5.21 3.05 7.22 0.14 1.8 7.33 7.27 2.11 5.19 9.91 9.98 4.26 0.55 8.35 2.32 9.33 4.32 5.34 9.17 7.9 7.13
int 90 inorder 85 644 335 611 575 739 648 539 193 617 70 424 840 181 374 442 142 854 265 16 8 928 406 201 67 1 284 272 721 688 199 69 922 400 73 262 734 904 427 271 780 899 292 177 926 766 151 852 710 122 959 491 200 713 863 919 97 977 15 204 605 409 267 390 160 991 269 616 582 844 998 898 638 873 761 481 145 164 66 874 797 296 453 291 338 567 514 61 479 602
int 91 inorder 47 505 261 11 976 29 486 566 996 238 332 145 884 120 44 532 787 861 684 526 338 413 984 16 985 715 930 236 398 31 728 782 635 352 306 633 5 177 380 875 127 473 645 390 981 351 736 570 626 934 938 91 265 401 502 176 438 79 800 888 273 900 9 960 632 316 677 803 739 15 197 667 194 222 83 203 757 219 224 392 35 812 125 355 220 158 12 939 956 935 347
int 92 postorder 189 42 912 554 303 814 438 81 557 335 30 949 505 764 241 619 54 497 625 345 674 402 838 298 540 522 56 936 146 316 390 538 914 377 378 519 938 414 719 732 710 759 972 490 612 461 61 753 332 400 428 561 941 22 411 53 746 629 906 398 306 962 772 702 362 779 985 966 765 903 708 371 693 99 178 244 311 72 697 537 403 27 970 93 406 603 741 483 475 920 852 476
double 94 postorder 5.28 7.4 8.46 6.56 7.44 1.12 5.52 5.2 3.38 6.29 1.1 8.84 3.66 2.05 8.22 6.96 8.42 6.73 2.81 6.22 9.39 0.66 3.83 7.18 1.56 9.38 3.23 5.81 5.7 1.86 5.63 0.99 4.39 7.04 4.88 5.53 3.32 1.18 8.35 2.59 5.92 1.82 0.39 1.22 3.09 2.57 2.68 3.68 3.3 5.88 2.95 3.21 5.01 6.36 6.93 1.8 0.01 2.39 3.27 9.53 9.66 0.07 6.18 6.58 7.51 3 8.08 4.97 3.72 2.97 3.31 6.57 4.36 3.16 6.88 3.92 5.36 3.1 4.6 2.96 0.54 3.08 4.45 5.62 0.22 5.67 6.03 8.59 6.16 7.81 1.17 6.86 8.4 6.09
int 94 postorder 65 112 435 591 553 864 7 794 319 931 803 498 441 496 550 635 587 362 930 644 400 704 24 665 510 81 511 978 667 377 339 679 753 217 213 182 857 876 743 890 883 867 817 298 17 598 582 975 469 85 684 995 681 330 178 77 299 625 199 432 406 78 946 234 224 172 556 46 738 983 419 194 23 37 482 562 737 611 281 26 35 14 617 39 98 749 164 847 699 731 47 863 32 403
double 98 inorder 5.44 0.58 6.46 8.53 9.91 9.12 4.23 0.07 9.84 5 5.86 0.48 7.57 4.12 8.79 6.79 7.08 7.07 1.95 1.24 3.76 3.72 3.02 9.97 9.76 8.5 2.28 7.8 1.74 3.4 6.55 2.72 1.68 7.83 8.38 5.88 3.09 5.97 3.03 4.22 5.18 6.47 2.03 4.26 1.61 9.74 0.33 2.92 5.65 3.53 8.62 1.53 4.48 3.2 7.98 7.5 1.31 1.82 3.14 1.69 5.26 7.36 2.06 2.66 8.74 7.18 6.22 0.84 0.5 1.03 2.56 6.48 9.31 7.78 2.89 1.81 4.13 3.34 0.16 6.11 8.46 9.65 6.7 0.52 0.03 9.16 0.69 8.42 2.8 6.66 0.29 2.85 7.03 0.34 5.39 9.43 6.69 7.13
double 98 postorder 8.03 1.27 3.23 9.01 6.61 6.64 3.66 5.08 0.97 1.52 7.02 7.73 0.32 4.96 2.59 9.46 7.57 5.44 4.47 8.83 3.37 6.5 1.84 9.34 1.59 0.05 7.22 7.44 0.1 5.98 8.39 1.72 5.53 4.6 8.96 3.78 7.95 5.28 2.71 8.46 3.07 4.84 8.84 8.99 2.19 7.87 0.5 7.67 2.91 1.28 4.27 1.51 2.12 8.79 2.97 9.62 4.9 3.52 1.26 7.74 2.69 2.2 7.35 4.19 1.53 0.71 4.36 1.95 2.1 9.48 4.46 9.55 3.25 1.41 4.53 1.39 8.02 9.71 7.94 7.53 2.98 5.14 3.51 4.35 9.61 4.69 6.74 0.77 4.28 0.34 3.7 6.12 6.39 7.55 0.76 2.87 0.57 6.93
double 99 inorder 4.89 8.41 2.39 1.81 2 8.13 0.76 5.82 1.86 2.82 9.86 0.8 0.44 1.56 4.51 7.94 5.92 2.12 6.1 4.12 4.64 9.87 2.16 1.62 3.56 3.52 8.03 8.32 5.09 3.34 8.76 5.95 2.5 2.4 2.83 9.56 3.18 9.69 5.06 9.18 3.36 7.09 1.44 8.5 2.65 1.53 6.39 8.72 6.77 5.36 1.72 7.87 5.51 9.88 4.36 2.44 9.9 7.25 4.84 7.7 1.18 8.83 4.72 6.64 2.94 4.76 0.14 2.7 5.6 9.39 2.52 1.51 0.35 7.12 8.23 0.65 6.09 9.82 6.92 9.02 0.25 4.5 0.32 8.92 4.85 1.84 4.24 4.05 9.58 4.48 1.63 0.46 0.72 5.64 4.58 7.36 8.2 6.73 2.75
int 99 postorder 673 887 479 294 379 313 455 28 892 52 64 737 683 307 837 172 529 258 521 394 668 993 677 568 583 252 497 882 914 457 990 822 790 179 643 615 674 202 951 792 964 907 141 577 468 435 893 255 774 282 11 303 740 228 336 59 800 344 214 664 327 669 762 115 880 348 482 37 14 333 531 15 415 970 794 750 253 472 460 928 109 826 217 69 130 92 436 459 561 935 231 520 959 108 325 578 289 18 414
double 99 preorder 4.18 7.93 1.9 5.86 3.63 2.19 2.32 9.06 0.92 7.12 8.12 4.29 2.12 7.57 3.88 7.34 1.17 4.61 9.1 3.97 6.79 9.65 2.2 4.45 6.95 7.49 4.08 5.47 8.26 9.85 9.5 2.79 6.76 2.97 4.62 8.4 7.07 2.49 1.32 0.99 4.54 6.34 1.61 7.45 5.25 5.06 9.46 9.96 1.46 3.74 1.51 5.68 1.62 2.25 1.98 6.49 6 1.85 0.46 3.32 9.7 8.98 4.26 9.66 6.02 8.29 6.6 1.21 3.61 0.74 9.97 7.06 5.83 2.21 6.47 6.7 3.75 0.49 4.83 8.46 1.7 4 2.26 9.04 4.91 9.11 0.43 2.34 5.19 6.94 9.24 5.84 7.56 0.79 6.75 8.87 8.96 7.76 7.08
int 100 preorder 3 439 474 363 898 586 147 654 553 260 697 398 648 416 628 489 521 157 177 25 607 459 829 470 255 923 948 864 341 197 741 403 814 29 585 787 80 312 537 266 164 4 314 749 701 896 367 327 268 330 735 329 719 315 818 102 111 631 270 481 249 117 40 272 988 104 918 206 704 62 844 379 251 832 603 349 906 469 674 815 753 411 538 187 977 512 96 248 434 353 779 98 43 493 424 461 615 166 462 893
double 100 postorder 9.59 3.77 3.9 5.92 0.25 0.83 2.08 0.73 4.47 3.49 8.72 7.57 7.25 6.89 0.3 3.11 1.92 9.08 6.33 6.02 3.21 5.95 7.02 2.2 8.41 3.23 3.62 0.55 1.78 0.29 2.45 2.76 4.42 8.37 4.71 5.99 0.05 6.15 3.14 0.88 5.49 3.91 2.11 5.13 5.18 2.24 7.27 2.84 9.09 3.66 9.35 4.77 7.11 8.39 4.19 8.24 0.81 2.58 4.03 0.79 9.5 9.78 2.19 6.25 6.05 5.29 8.67 3.28 1.07 5.67 3.89 1.37 5.37 0.18 1.01 7.61 7.13 2.68 1.21 7.56 8.88 4.01 9.74 4.79 3.57 0.96 9.39 1.5 2.14 2.01 7.89 1.31 0.24 4.28 8.71 8.14 8.5 4.21 6.19 8.53
double 101 postorder 0.19 2.08 9.86 7.59 2.18 5.13 9.48 0.23 8.44 6.78 4.67 5.93 8.98 8.68 6.38 2.8 8.3 7.05 5.32 1.84 4.19 9.21 3.14 8.73 0.11 4.17 4.43 2.9 6.42 2.91 7.24 0.3 8.12 4.04 0.06 7.39 5.99 7.72 7.65 1.45 2.26 3.19 9.37 0.82 4.33 1.67 7.15 0.95 3.69 9.14 9.82 2.55 2.41 4.68 3.5 2.99 9 2.13 3.6 8.99 8.46 1.94 6.15 1.47 8.64 8.8 7.5 6.1 5.27 5.76 0.8 6.4 6.09 5.22 4.48 5.89 1.28 7.84 6.85 4.64 8.54 6.66 6.63 5.67 0.91 9.25 0.17 5.03 9.18 0.32 2.33 2.2 9.46 7.12 9.35 1.95 4.72 7.37 8.52 4.95 1.86
int 102 postorder 453 53 780 372 854 388 150 82 625 720 525 618 129 860 830 212 398 121 530 892 755 307 653 696 916 786 903 328 46 380 271 655 923 619 384 982 382 672 955 899 148 629 481 739 847 703 135 251 732 333 958 939 488 519 411 360 744 647 973 857 370 181 308 912 928 609 765 27 560 445 835 557 931 383 170 521 679 392 63 179 597 976 665 940 12 866 546 88 612 962 201 196 90 837 434 484 979 898 329 635 811 663
int 103 postorder 885 203 475 824 383 769 537 92 893 295 177 930 45 385 665 722 623 257 272 441 136 300 570 548 103 852 468 974 238 492 32 214 986 670 781 964 432 109 499 648 319 161 80 912 87 806 402 838 28 215 241 900 420 731 652 235 462 505 934 917 786 72 931 133 909 856 30 519 265 766 129 452 460 684 69 997 61 849 834 189 764 246 724 113 245 509 154 650 557 708 384 435 427 585 656 872 329 867 268 333 822 739 647
int 103 preorder 642 497 771 829 300 408 853 175 881 892 52 419 780 383 414 750 882 738 915 340 463 699 226 179 952 782 97 633 993 720 713 443 843 464 67 963 579 969 983 533 645 609 744 347 523 278 724 912 570 681 356 35 721 934 572 525 667 647 322 834 222 725 466 380 970 27 770 117 511 857 219 397 873 216 359 683 373 588 776 998 459 121 635 259 748 231 420 655 64 351 550 957 321 262 867 415 184 6 927 777 751 88 338
double 104 postorder 1 9.96 3.65 0.1 1.85 7.25 9.23 9.61 0.04 3.3 3 7.16 3.71 3.28 0.64 4.23 6.98 1.56 9.39 3.01 6.29 2.49 4.36 1.38 9.34 9.77 1.15 4.63 9.14 8.13 5.83 9.71 9.89 7.53 0.28 6.53 7.17 1.78 0.89 5.96 3.31 6.83 4.62 2.26 7.35 2.77 5.95 1.94 7.85 3.85 1.13 0.7 4.89 1.88 5.27 0.51 6.95 8.84 5.19 6.94 7.96 7.26 3.22 2.73 0.88 0.79 1.34 3.45 0.26 4.91 3.77 4.14 8.21 9.43 5.5 2.35 8.97 0.62 4.76 1.03 1.66 5.99 3.78 9.29 8.98 4.73 0.4 7.34 0.23 0.2 7.77 2.62 3.36 8.43 2.02 4.8 7.99 8.99 4.53 1.53 4.47 0.86 0.82 0.11
int 105 postorder 105 259 857 761 9 567 861 272 905 642 485 568 649 118 814 682 677 312 164 66 941 430 302 796 691 94 432 647 726 609 530 577 671 213 854 218 570 728 787 878 249 798 123 11 247 860 460 221 899 547 527 719 634 601 724 385 436 452 825 115 132 167 902 245 859 752 143 313 695 6 315 162 997 365 656 785 276 68 57 538 887 80 197 683 736 153 394 795 708 730 847 920 428 738 10 135 554 816 751 864 243 170 424 139 628
int 105 preorder 35 458 275 155 357 801 981 804 27 306 47 996 215 521 648 470 963 881 355 861 64 846 536 911 882 246 227 507 839 732 226 529 950 245 317 191 390 7 939 604 764 58 292 288 570 305 792 283 620 760 686 864 729 86 560 704 547 374 617 369 107 138 923 977 24 160 565 362 284 427 651 543 814 443 59 2 176 710 833 533 714 353 287 616 926 519 635 62 754 122 17 734 1 761 351 752 682 899 958 125 411 175 402 301 240
int 105 preorder 852 321 366 8 984 790 400 865 970 781 841 118 266 397 624 324 208 575 914 838 460 998 583 342 935 495 213 797 61 220 292 394 217 43 175 632 195 326 829 941 151 569 832 886 148 635 90 598 574 822 968 173 377 773 809 639 753 107 42 785 144 919 903 179 673 486 57 417 682 683 723 93 78 775 759 762 340 44 386 39 424 788 137 681 961 94 899 718 532 969 111 215 66 594 418 906 820 611 846 500 236 2 798 71 285
int 107 preorder 489 458 230 734 363 110 865 206 855 472 902 511 366 616 122 432 723 970 131 396 98 161 451 234 551 69 334 683 694 579 885 571 815 346 578 759 570 268 179 637 173 484 424 866 391 640 764 755 158 704 435 568 18 818 118 797 60 423 180 826 494 813 11 327 149 247 555 84 188 668 803 233 833 879 832 528 605 506 503 599 443 152 615 27 766 198 286 479 964 823 765 883 495 462 259 554 321 292 507 168 968 195 963 271 862 25 411
int 108 preorder 490 681 334 175 878 559 485 45 854 434 27 309 165 95 965 883 574 884 816 877 962 699 834 62 761 668 961 76 973 219 293 192 385 472 769 629 147 747 222 687 411 354 894 622 35 459 2 291 817 423 216 929 159 153 304 296 343 380 184 923 517 710 554 270 534 298 793 17 936 388 820 520 315 308 905 910 934 449 84 213 582 562 487 515 711 108 976 762 584 893 231 578 251 379 696 193 23 301 36 501 535 657 963 722 112 714 874 887
int 109 inorder 987 980 426 45 53 778 710 813 174 925 380 541 86 679 336 424 414 165 540 673 39 651 706 565 701 210 546 995 258 93 629 48 372 760 688 553 857 472 564 798 364 40 700 301 852 990 231 949 366 986 234 488 941 411 347 595 442 37 375 755 626 855 650 873 936 652 959 489 767 775 23 620 684 977 664 205 409 439 938 177 680 708 599 608 711 287 870 145 917 360 479 647 562 726 685 665 140 423 459 818 656 142 198 135 322 497 590 394 739
