int 10 574 467 635 746 260 386 628 203 825 199
int 10 327 619 584 739 428 930 483 718 774 919
int 11 170 820 249 251 866 556 647 53 248 497 128
int 11 955 854 907 579 108 610 249 529 362 489 501
int 12 492 77 928 330 927 868 194 256 302 600 91 426
int 14 910 225 359 913 754 265 488 829 476 311 529 261 591 38
int 17 615 809 730 91 331 951 126 437 224 758 970 984 189 67 745 8 541
int 19 394 881 953 853 402 407 328 680 733 880 623 745 537 239 831 297 413 919 107
int 19 941 957 668 350 238 829 588 297 250 699 34 836 584 867 738 591 35 935 952
int 21 146 138 497 233 199 519 96 293 916 964 513 641 694 122 357 294 540 501 768 332 721
int 21 784 966 391 397 99 942 275 978 537 575 687 766 548 938 727 381 717 456 256 940 50
int 21 813 55 345 522 916 829 721 372 987 378 275 299 165 398 824 73 574 186 416 487 466
int 24 33 943 218 325 399 477 699 413 569 690 729 265 229 372 388 374 273 62 422 42 114 107 997 327
int 28 94 842 444 65 572 58 151 154 637 236 72 937 392 488 848 612 393 899 565 370 269 548 53 259 379 681 960 711
int 28 69 385 848 769 875 15 991 838 190 775 711 272 277 776 882 260 814 645 347 877 530 531 790 105 637 38 652 388
int 29 79 152 56 293 631 754 229 570 599 783 491 456 188 729 275 167 824 836 559 739 138 151 96 156 641 173 59 779 300
int 30 903 856 991 767 739 168 393 614 582 624 872 743 165 493 677 360 240 172 862 309 8 761 795 192 972 664 540 952 189 138
int 31 84 53 50 269 318 12 180 600 846 441 261 501 107 443 67 54 924 693 28 801 184 112 436 896 137 912 266 654 312 613 947
int 33 406 254 18 283 604 48 30 615 457 421 902 237 99 567 182 955 184 480 39 160 423 64 834 395 905 206 430 11 197 868 864 776 875
int 33 626 35 52 572 580 407 231 315 453 637 131 71 248 368 82 168 322 14 38 339 807 722 67 26 437 797 144 708 563 218 866 237 234
int 36 783 712 242 726 424 874 716 572 168 248 471 498 564 896 435 87 262 589 342 469 479 557 796 987 805 802 681 44 688 480 431 630 945 894 455 668
int 37 627 723 612 19 162 110 812 678 139 508 38 119 934 481 927 614 290 54 111 824 624 224 524 362 489 924 671 325 664 316 163 886 783 722 67 17 432
int 38 372 748 293 818 432 16 13 809 242 978 639 668 521 624 820 353 733 239 694 544 574 146 414 210 128 474 418 767 264 703 984 816 340 463 438 417 686 373
int 38 660 205 982 278 893 868 837 162 584 79 945 923 27 20 685 227 740 100 106 35 618 351 653 930 850 861 458 375 548 354 324 788 635 426 253 807 15 903
double 41 6.75 3.71 5.08 4.54 2.77 0.12 8.77 6.44 8.53 2.21 6.66 0.31 0.29 0.43 2.74 5.92 9.85 9.19 0.03 1 4.75 2.97 0.88 7.6 1.55 4.57 0.64 8.65 6.72 7.68 2.43 8.3 3.49 8.51 8.56 7.48 8.85 2.99 9.05 3.16 3.14
double 42 5.61 0.52 9.43 0.69 8.12 9.54 5.41 9.7 6.64 8.04 5.43 4.37 4.29 0.24 9.68 9.41 4.69 1.06 5.67 9.85 1.3 7.98 7.35 7.54 3.27 7.23 6.21 2.16 3.83 7.08 1.08 5.21 5.45 8.86 1.55 0.45 0.76 2.33 3.05 9.18 9.94 1.69
double 44 8.14 1.52 2.36 6.97 9.8 9.7 2.78 0.33 1.59 4.34 0.16 2.53 5.47 9.89 8.55 1.8 0.79 0.13 9.3 6.95 8.62 0.56 4.3 1.87 5.17 9.5 9.01 3.76 8.34 8.32 8.52 2.35 3.55 0.97 4.03 4.42 8.91 0.07 2.96 7.62 5.21 9.09 9.58 3.37
int 45 250 4 547 961 912 347 449 642 354 290 506 174 936 247 461 285 650 596 353 814 463 573 175 9 904 311 601 373 184 460 544 464 520 909 587 540 756 140 406 46 79 340 526 471 493
int 46 140 121 338 107 624 386 344 947 249 89 220 290 221 110 885 124 836 731 967 954 716 888 346 618 92 198 944 330 980 292 45 522 196 529 42 275 307 70 641 627 975 432 857 842 480 389
double 46 9.38 2.03 1.95 3.01 7.16 8.28 4.06 7.78 1.56 0.38 5.19 8.42 2.84 4.41 8.72 3.86 6.26 4.03 4.6 6.9 3.48 0.02 3.04 6.84 3.5 7.05 6.36 5.44 2.87 9.08 0.79 8.31 5.83 1.78 5.09 4.02 4.61 2.15 6.25 6.37 6.81 6.58 5.21 1.22 4.7 3.42
int 47 486 341 478 78 236 953 266 816 359 487 874 622 836 668 489 619 771 971 892 852 218 929 280 817 965 471 616 538 480 276 669 277 103 911 691 441 398 28 527 388 199 170 386 2 291 731 787
double 47 4.55 1.52 4.29 2.15 5.03 3.1 2.92 3.86 2.55 7.67 8.88 4.93 4.05 1.76 2.82 5.1 5.31 3.14 8.32 2.31 5.26 8.51 0.32 6 3.83 9.3 9.48 0.15 0.05 2.3 9.82 3.09 8.2 7.69 2.24 9.02 7.88 2.56 7.5 1.8 4.96 4.73 2.47 9.83 7.84 1.44 2.68
int 48 831 433 53 320 77 653 339 237 910 631 229 723 149 105 507 74 932 923 852 964 945 966 859 551 762 93 128 925 262 81 786 735 904 547 213 323 796 877 825 382 321 721 942 498 549 673 363 193
double 50 3.87 7.17 9.21 3.2 2.77 7.21 0.43 8.25 1.84 6.64 1.67 0.22 4.97 0.44 1.58 4.93 2.9 8.79 0.24 6.54 2.68 4.02 3.31 6.17 2.32 1.75 4.72 7.71 1.94 4.63 0.81 2.61 7.69 9.96 8.32 5.38 8.52 4.3 5.68 3.61 1.55 5.58 5.22 7.82 0.38 8.9 0.95 4.26 6.35 7.47
int 51 721 340 138 463 526 768 107 980 852 914 507 262 426 442 942 760 168 708 179 421 387 883 326 632 114 682 534 677 58 962 303 651 661 756 521 889 71 184 819 701 276 11 1 562 219 789 599 650 252 329 794
int 54 411 751 535 809 187 593 33 666 451 42 922 789 493 460 485 853 300 953 358 986 51 653 241 446 863 70 940 234 670 576 899 923 931 352 538 225 313 625 974 562 169 802 269 97 449 415 546 604 96 146 913 155 771 307
int 54 37 417 557 135 40 955 701 409 100 689 415 299 746 441 685 161 576 61 310 607 643 244 389 312 405 789 616 385 250 332 72 954 297 992 638 180 826 725 513 583 266 148 562 800 571 426 296 14 745 727 464 515 168 216
double 54 3.32 3.94 2.43 0.94 8.75 5.59 5.17 5.35 4.92 9.56 9.35 5.6 7.56 8.9 1.39 3.74 3.41 7.34 6.33 2.31 0.05 4.75 4.31 1.98 5.78 7.15 1.85 7.52 7.6 5.82 4.23 3.96 0.54 4.33 2.21 6.09 8.37 5.01 2.88 7.78 6.48 0.19 2.15 4.45 9.85 0.07 3.85 3.31 9.21 7.96 7.76 3.14 6.91 1.54
int 55 711 246 371 432 967 272 957 330 654 459 214 959 427 598 400 126 55 786 635 555 53 875 823 424 649 367 455 230 726 558 394 265 879 185 490 189 540 75 765 61 50 979 744 526 638 54 767 529 973 397 521 442 657 354 857
double 55 8.29 9.71 7.62 7.71 1.32 4.72 9.78 8.14 9.79 0.14 4.97 9.18 6.28 2.95 5.7 0.03 8.22 7.52 1.29 0.82 4.9 8.48 0.18 6.53 4.55 7.83 8.21 9.61 7.02 9.86 5.96 8.94 0.67 6.77 9.84 8.25 6.26 6.47 1.5 9.83 6.3 1.35 5.13 6.14 2.48 4.35 5.06 5.05 5.78 4.05 5.1 0.47 3.05 4.78 4.74
int 56 956 472 437 12 822 902 491 247 897 879 545 517 84 374 482 497 645 281 635 397 542 845 136 286 507 893 58 590 515 541 15 852 404 949 462 300 107 200 275 935 586 80 361 285 971 694 185 702 355 199 523 157 371 99 258 627
double 59 6 1.23 9.33 6.36 1.05 5.67 8.1 6.22 4.86 0.52 7.66 9 5.68 8.93 6.95 9.2 9.78 0.4 1.52 4.29 4.11 4.27 0.9 0.62 6.39 8.04 7.7 0.91 9.41 5.53 9.94 3.23 4.84 6.51 5.43 7.88 4.08 2.15 6.13 9.13 4.79 5.64 5.58 7.14 3.52 3.43 6.47 7.3 7.12 4.75 8.03 8.07 1.41 8.82 4.52 4.23 3.55 9.63 7.34
int 59 296 721 570 201 669 656 974 159 290 890 660 44 725 247 225 578 651 155 352 857 28 827 905 412 888 466 749 948 72 560 350 186 608 65 751 105 330 624 432 621 255 876 429 842 625 658 922 702 31 710 780 144 336 386 946 417 690 475 863
int 60 247 525 943 234 169 417 89 353 477 43 872 829 485 336 496 448 195 783 640 115 292 670 111 770 379 319 90 407 110 18 300 789 815 166 409 754 299 397 592 752 545 46 466 921 671 982 95 366 871 396 909 773 744 318 296 819 348 964 94 532
double 61 8.92 9.21 9.62 8.2 8.86 9.76 4.79 3.35 8.72 8.49 9.59 7.43 2.42 4.24 8.59 6.33 2.94 0.97 7.56 1.38 6.14 6.79 2.1 1.12 6.58 4.87 1.23 8.85 8.65 6.01 2.6 9.75 8.13 7.08 0.96 9.12 8.26 8.35 3.1 2.46 9.39 4.05 2.35 2.53 6.89 7.85 8.04 1.14 2.52 4.89 7.36 8.74 6.8 2.75 6.52 0.93 7.53 6.55 0.49 6.03 4.1
int 61 559 191 91 670 924 937 615 228 283 301 25 439 506 373 614 327 654 870 20 34 891 264 690 403 320 685 260 192 915 475 390 28 477 716 47 444 543 384 850 594 686 753 715 431 773 799 570 86 353 392 709 419 440 964 951 878 864 839 812 885 126
double 61 4.04 2.54 3.89 2.13 1.71 8.94 2.06 3.31 9.88 8.22 4.9 8.14 2.3 2.12 0.19 8.23 9.55 2.95 7.82 0.3 7.24 3.54 8.18 7.69 6.91 7.28 3.99 9.21 1.88 8.4 5.86 3.82 7.1 4.54 3.35 8.2 9.95 5.18 4.18 9.57 0.21 1.09 3.06 6.86 4.97 5.74 3.63 4.51 4.81 7.63 9.62 9.67 3.96 5.26 7.46 0.92 1.04 9.59 5.66 1.44 3.78
int 63 360 105 134 83 679 355 60 560 333 731 653 777 699 706 100 461 884 123 803 450 501 113 760 305 340 726 847 228 566 154 55 708 281 898 891 216 974 756 670 442 944 855 35 76 153 439 836 258 986 922 49 408 147 544 711 458 614 600 549 939 430 71 283
int 64 689 237 478 22 877 306 718 206 246 958 47 851 27 414 622 610 346 976 659 252 74 410 81 693 241 230 506 99 909 820 451 381 823 82 772 360 974 523 584 498 373 103 170 835 287 141 448 621 845 138 700 503 232 611 846 250 345 215 178 207 762 500 528 548
int 68 855 504 315 55 415 727 379 779 253 4 17 819 64 301 134 144 994 800 468 122 966 465 769 940 725 568 560 50 989 538 701 498 507 692 654 723 413 436 28 816 262 193 402 205 683 685 648 287 741 487 88 653 945 513 175 647 958 446 302 590 145 387 279 117 763 925 24 266
double 69 1.12 5.12 9.87 0.53 1.8 4.88 9.18 7.77 1.26 1.48 1.02 9.75 6.48 9.2 1.72 5.51 8.38 0.79 0.69 3.78 8.66 8.03 9.37 3.64 7.9 9.52 5.31 0.22 8.63 4.05 5.4 9.51 6.99 4.07 6.14 3.67 7.43 6.23 8.37 3.32 0.87 2.13 2.91 5.16 7.01 3.54 6.07 0.49 6.17 7.41 8.86 4.31 0.37 2.84 3.06 5.54 6.66 4.9 7.93 5.33 2.31 7.63 6.77 3.97 8.29 0.02 8.84 8.7 1.95
double 70 6.12 5.02 7.44 9.5 5.22 1.43 2.01 0.34 0.07 5.97 5.32 5.45 5.9 0.76 9.57 1.36 8.56 8.68 0.9 9.48 9.25 9.14 0.46 7.45 0.12 2.68 9.75 4.36 6.03 2.9 6.4 8.04 1.37 3.66 0.29 7.7 9.72 1.2 9.65 3.82 3.91 9.77 8.2 7.08 1.47 7.49 6.36 4.32 3.01 5.28 1.96 9.53 7.43 7.89 2.46 0.56 8.28 8.37 6.23 6.37 5.58 7.74 1.19 4.65 8.58 8.14 2.28 0.96 0.48 8.38
double 70 0.46 9.7 5.8 0.29 9.17 7.41 8.28 8.16 5.63 3.95 2.17 0.7 9.31 1.31 9.2 9.56 0.11 7.8 7 9.23 9.15 5.89 0.14 8.72 9.84 2.36 9.91 4.39 2.15 6.43 9.94 6.42 7.11 1.85 7.91 3.05 9.87 2.8 1.08 6.05 7.98 0.59 1.97 3.82 3.3 0.79 0.39 0.05 5.59 4.09 8.46 6.85 6.24 2.92 7.82 9.48 5.21 5.37 8.97 6.16 2.75 3.17 4.33 6.58 9.46 5.96 4.22 3.47 9.67 3.55
int 72 988 931 93 630 465 315 257 52 877 377 665 540 457 633 342 286 25 499 330 485 660 890 853 891 775 303 364 413 772 37 246 192 248 837 23 830 547 746 203 952 250 464 536 140 190 337 768 908 942 161 141 189 406 752 370 169 349 130 85 986 954 682 380 943 430 823 863 90 991 855 806 267
int 72 192 455 400 545 255 780 233 630 609 887 804 719 131 618 513 827 536 37 360 798 542 534 219 865 963 591 912 110 631 672 329 991 215 615 86 636 577 825 852 291 378 894 152 223 458 818 581 464 52 544 718 26 665 401 612 36 573 307 226 116 248 372 71 810 183 996 333 988 539 811 568 114
int 74 291 234 183 567 988 503 235 885 498 471 285 674 772 280 449 362 216 817 566 360 628 916 549 292 896 745 653 222 736 138 795 27 154 802 948 526 981 807 88 944 190 18 529 899 898 440 446 97 890 577 984 60 853 209 21 970 924 871 605 550 74 228 740 338 963 166 623 189 907 1 938 969 632 214
double 74 3 2.72 8.39 5.83 9.32 7.28 0.19 6 1.29 5.86 5.68 9.33 7.86 1.91 9.22 3.48 9.89 6.8 6.21 7.89 2.82 6.88 2.15 3.53 6.27 7.67 9 1.87 8.09 0.98 3.78 9.38 8.66 2.1 7.27 5.92 3.2 8.04 6.25 0.81 3.83 7.93 2.4 8.23 1.54 3.58 6.79 3.46 1.24 7.94 6.1 3.62 0.41 9.47 0.16 0.7 3.56 7.74 6.77 7.71 7.05 9.64 6.49 9.5 8.48 1.62 4.58 4.75 5.69 8.05 2.92 6.57 9.94 7.81
double 75 7.23 6.7 3.74 2.08 0.63 3.33 5.11 1.08 2.17 7.6 1.92 9.78 9.31 2.31 4.3 9.6 1.72 4.52 4.2 2.57 8 7.31 0.94 6.73 2.11 5.26 9.36 7.63 5 2.55 9.59 5.29 5.38 5.25 2.63 3.91 0.26 7.11 5.82 1.69 1.7 9.82 4.09 8.32 9.5 2.91 4.17 8.99 6.15 4.65 8.83 4.48 9.55 5.8 1.89 2.38 2.95 2.19 4.1 1.85 5.32 2.83 6.19 5.63 5.6 2.84 4.26 1.76 8.38 0.78 9.06 1.82 0.37 5.35 7.36
double 76 6.25 8.13 9.73 5.87 4.24 0.81 6.46 6.94 9.01 8.71 4.35 2.23 5.82 5.27 2.18 7.81 2.22 4.45 7.54 0.51 7.91 0.83 9.36 7.48 3.54 6.5 5.5 9.52 3.05 8.72 2.89 7.03 9.1 7.68 7.06 9.51 6.37 3.07 9.79 8.63 8.32 7.47 8.17 2.12 8.68 2 1.89 6.74 9.21 1.17 1.72 9.44 9.9 7.29 8.9 5.09 9.55 7.12 7.16 8.52 1.48 3.44 2.04 8.21 9.83 7.96 7.86 5.19 1.27 5.02 3.59 7.4 4.92 8.59 3 2.77
int 79 478 84 682 482 539 296 756 91 435 316 960 943 142 441 337 882 814 34 959 254 793 284 607 13 532 307 790 135 488 305 534 346 451 872 221 928 393 116 808 380 716 242 361 12 437 658 988 664 723 659 394 802 268 20 573 652 986 767 971 752 36 189 985 501 651 980 893 620 315 559 383 867 229 500 863 416 52 329 452
double 80 3.6 3.92 8.12 2.25 9.84 8.31 1 0.57 0.45 5.63 8.55 0.89 6.91 2.02 1.58 6.55 2.03 3.41 0.95 1.79 2.55 2.6 4.46 7.99 2.43 3.67 2.69 5.71 0.27 9 6.61 1.49 2.92 7.43 2.14 4.88 2.53 8.77 1.15 6.1 3.34 3.13 6.27 4.85 2.01 3.84 0.59 5.27 0.13 3.28 8.41 2.5 3.16 0.81 3.43 9.42 9.66 4.81 9.95 7.05 5.6 2.8 8.57 4.3 9.82 6.75 4.69 4.58 9.14 5.39 2.72 5.19 6.16 7.23 6.37 1.63 5.97 1.54 2.29 6.71
double 81 8.07 5.18 4.53 0.58 8.65 1.73 1.4 5.93 2.79 1.53 9.12 0.02 8.45 2.58 7.2 1.08 3.4 9.6 7.29 3.51 8.99 3.83 9.68 8.01 2.07 8.13 7.96 8.18 4.3 4.84 6.51 4.19 3.42 8.78 7.92 1.47 0.94 6.99 2.55 8.12 2.84 7.81 3.01 1.17 4.91 6.48 5.13 0.09 8.91 0.96 4.09 5.24 9.85 2.14 5.51 3.32 4.93 1.03 5.34 3.65 7.44 7.15 3.24 2.43 9.84 2.35 7.98 9.39 2.51 0.87 0.34 2.88 2.64 0.23 0.84 5.61 6.8 7.95 6.45 7.1 1.84
double 82 5.81 4.1 3.21 2.7 8.89 6.28 6.16 1.84 7.09 6.02 6.8 7.02 8.96 0.87 0.01 0.55 0.86 1.35 4.96 1.21 1.5 3.47 4.83 5.27 3.01 1.41 0.26 4.64 5.77 7.74 2.93 4.3 2.88 2.13 5.08 4.33 4.13 5.47 2.59 3.53 1.3 5.49 5.92 5.72 2.74 7.65 4.92 5.56 3.19 5.97 2.95 8.12 1.24 9.92 5 2.18 9.16 0.46 2.49 5.26 3.4 7.15 7.94 3.81 2.35 7.34 7.12 4.66 7.75 4.95 6.7 2.63 3.23 1.98 1.9 8.49 4.17 5.6 3.55 9.43 6.36 6.96
int 83 418 134 75 788 108 413 359 757 262 737 284 480 644 974 251 368 992 11 285 797 23 301 782 898 961 920 903 332 677 878 522 624 602 549 453 559 83 729 533 904 505 282 244 905 334 474 226 358 268 405 965 302 667 394 691 351 305 183 420 661 60 196 254 794 972 650 836 441 56 565 380 681 160 722 758 603 761 809 255 907 709 902 493
double 83 6.92 7.77 6.54 1.6 6.61 5.12 5.7 4.07 9.29 3.67 1.18 2.82 5.4 8.35 6.78 3.68 8.23 0.92 3.96 5.59 8.7 0.61 0.63 3.54 5.33 8.45 8.6 4.85 3 5.23 2.15 7.87 0.16 7.23 4.33 2.16 3.91 8.65 5.51 5.99 0.77 6.96 2.19 6.87 5.39 6.37 6.74 8.32 4.32 8.09 6.1 3.8 9.57 8.99 4.98 6.55 9.93 9.11 6.34 2.2 2.47 0.23 1.83 0.22 0.05 7.63 3.43 0.64 8.19 3.04 0.86 8.43 5.92 3.22 4.55 9.25 8.94 1.82 5.11 5.06 6.79 3.38 5.83
double 84 2.75 1.28 4.89 2.42 4.45 9.63 4.49 7.1 2.76 4 9.69 4.25 8.23 7.47 7.85 3.87 6.15 7.71 2.77 3.98 3.44 7.49 8.15 1.18 3.06 2.68 0.1 7.92 1.44 9.12 9.94 4.46 8 4.67 5.85 0.97 9.67 7.26 4.81 8.48 4.37 9.27 7.05 6.12 1.14 0.41 5.22 3.92 1.07 8.99 7.64 2.89 2.35 9.53 1.98 3.86 2.78 7.96 7.41 6.29 9.21 4.55 0.64 4.17 2.48 6.31 7.54 9.31 8.32 4.02 2.02 4.65 5.09 2.98 7.35 5.6 1.56 8.3 1.94 1.79 6.75 6.01 0.75 7.7
double 85 7.4 6.28 2.05 5.28 7.79 2.56 1.53 8.93 6.47 3.09 2.7 0.11 3.5 6.81 8.16 4.94 0.64 2.18 6.07 8.67 2.2 3.57 3.9 0.78 9.81 6.21 9.33 0.25 1.08 8.77 9.22 9.32 8.14 0.38 9.82 9.89 1.67 3.03 5.8 4.63 2.16 8.55 8.28 9.88 2.91 7.81 3.1 9.08 6.99 5.02 1.51 0.8 7.7 8 5.73 5.15 4 8.35 9.01 3.95 5.66 7.69 9.62 7.27 8.09 4.28 3.89 8.3 9.55 2.89 9.09 2.85 5.61 6.61 5.53 7.17 3.34 7.01 5.12 5.69 3.41 4.84 0.31 7.8 1.62
int 85 483 203 46 523 936 126 414 640 727 102 569 72 266 647 179 820 831 227 398 441 997 458 403 99 604 720 912 847 387 123 195 864 649 890 383 84 112 666 869 972 248 548 1 148 144 181 111 588 265 695 480 279 275 14 773 135 487 944 313 506 994 311 143 887 76 475 416 436 737 422 495 529 149 825 410 562 107 903 122 550 47 729 434 717 249
int 85 112 268 237 346 483 156 182 876 273 429 698 396 420 255 561 190 445 555 287 398 243 633 620 124 275 840 134 900 449 327 715 341 849 302 901 858 587 938 103 167 6 525 887 753 358 317 359 123 207 559 155 183 157 319 433 391 10 915 610 12 602 732 292 280 232 279 13 213 310 442 816 663 338 472 194 164 718 676 696 37 247 532 930 409 648
int 86 737 717 479 730 896 240 358 145 733 115 718 330 130 693 871 762 888 868 671 739 542 812 582 61 53 400 952 850 554 595 306 673 254 428 674 64 928 543 67 245 313 682 565 239 478 242 4 461 192 586 610 80 843 230 979 412 425 795 25 155 228 930 223 214 768 432 785 725 220 101 500 697 970 127 443 900 17 298 282 613 790 943 273 430 286 199
double 86 9.84 2.9 2.71 7.74 3 8.34 5.89 6.43 5.66 4.53 2.7 2.86 5.43 5.59 3.68 0.08 4.26 9.42 6.95 0.59 6.96 6.87 6.62 7.96 2.32 2.45 7.47 0.79 7.5 1.09 1.14 3.89 3.72 8.78 2.63 1.67 5.14 8.92 1.97 3.6 9.13 9.8 6.55 6.85 3.21 5.42 7.82 2.6 5.4 6.5 3.7 6.91 5.22 7.99 8.99 0.47 2.37 1.44 4.05 4.79 9.76 7.78 7.79 3.86 3.48 3.25 8.58 8.31 9.36 6.03 0.53 1.31 8.56 3.98 2.35 4.1 2.13 1.17 4.35 6.78 4.48 3.74 4.15 8.98 9.52 9.83
int 87 105 199 226 692 65 528 147 603 156 333 776 581 633 501 618 446 493 10 895 224 342 8 441 388 285 72 243 991 171 235 723 128 588 190 137 54 365 384 964 183 927 789 469 45 743 942 984 429 386 52 266 706 639 749 624 591 173 994 590 135 972 742 129 477 615 698 637 409 265 563 694 395 489 485 90 398 162 975 574 211 826 764 745 658 951 69 453
int 88 190 146 114 297 636 476 262 253 415 304 998 343 752 991 688 192 523 409 577 668 741 992 2 916 272 876 817 220 584 847 228 518 346 173 439 650 286 612 602 177 30 101 426 499 172 777 554 870 74 840 877 150 949 413 382 498 913 825 606 960 722 459 744 280 293 616 494 279 967 517 646 758 915 686 693 787 807 945 3 362 332 373 258 515 861 667 381 337
double 89 7.67 7.92 1.44 8.06 0.28 1.19 6.42 3 8.15 3.57 4.93 8.1 2.94 6.47 2.2 2.88 2.74 8.58 6.23 3.53 2.03 7.01 2.87 9.38 7.91 9.93 9.17 2.12 4.63 5.85 0.97 2.25 5.2 7.06 1.55 0.94 3.92 6.71 8.97 6.2 5.83 3.8 1.79 0.5 5.84 3.71 3.87 3.95 9.58 6.02 4.31 4.16 2.23 1.27 4.52 8.84 2.68 2.54 1.64 1.69 3.02 6.54 2.71 5.8 0.44 3.59 1.28 7.95 8 8.5 7.75 1.26 5.06 9.68 4.72 7.59 9.94 4.75 7.76 7.05 5.24 6.83 4.17 9.02 2.47 8.86 9.79 4.81 8.82
double 89 6.46 4.09 1.86 1.81 0.8 2.57 9.34 8.37 8.54 5.25 0.13 5.48 8.7 0.03 6.22 2.68 5.13 6.16 9.43 2.89 0.46 9.57 2.9 8.16 3.52 1.24 6.68 6.49 7.37 6.24 5.99 2.15 4.23 8.71 0.53 9.67 2.84 5.53 2.23 6.66 7.6 9.12 8.93 5.19 1.89 6.67 9.94 3.93 4.98 4.8 0.61 6.08 7.42 4.4 3.07 4.36 9.4 7.06 9.29 2.45 9.96 8.13 0.29 1.45 7.18 7.34 2.03 4.1 6.31 5.75 0.58 7.54 0.72 2.17 4.94 3.44 2.61 6.44 5.86 7.05 1.7 4.52 9.02 0.71 6.39 4.39 7.11 0.95 0.69
int 90 15 7 975 643 712 155 320 714 860 702 914 903 821 899 589 497 601 552 353 880 506 894 566 667 526 481 330 632 508 862 280 626 835 32 12 504 76 246 384 560 392 286 627 212 833 389 839 269 988 439 409 787 521 749 968 311 698 387 333 162 687 871 283 6 194 167 762 469 838 670 158 844 79 514 153 259 828 796 980 801 123 454 334 294 429 765 994 790 794 69
double 91 4.27 2.71 7.8 8.99 2.92 1.77 9.26 7.66 1.51 8.52 7.1 1.22 9.59 4.91 2 7.13 8.63 9.19 0.97 9.77 0.15 2.04 6.05 4.09 2.67 3.9 1.6 9.91 2.69 6.16 5.82 8.44 9.98 8.98 6.38 8.73 7.61 4.81 1.45 1.64 0.66 8.74 7.97 2.96 4.53 2.91 3.38 5.67 5.14 0.61 4.79 6.02 2.13 4.98 4.51 3.56 2.63 0.87 9.92 5.69 7.9 6.99 5.78 0.73 2.93 3.73 3.96 6.26 9.96 0.82 5.12 3.75 9.73 1.25 5.76 8.71 9.46 4.32 5.47 4.88 0.41 2.74 1.76 7.16 5.18 8.53 9.9 4.76 3.44 6.53 2.61
int 92 196 167 413 174 476 928 688 377 781 256 851 881 536 565 91 571 330 846 315 1 714 708 101 678 690 431 943 640 346 285 922 271 231 243 691 212 683 783 229 415 154 53 490 604 636 953 347 559 513 596 789 648 641 715 768 790 4 250 970 113 911 406 915 74 861 955 959 727 64 967 440 432 524 494 287 865 211 420 245 106 334 153 568 827 625 864 303 917 356 923 796 685
int 92 136 256 639 66 357 271 117 408 322 395 540 732 445 875 114 210 356 814 221 986 570 894 562 544 822 865 123 162 229 289 525 235 625 791 545 568 160 60 608 718 614 62 701 478 484 590 243 404 797 884 195 419 274 756 977 474 789 418 505 37 347 118 768 81 649 416 135 193 281 414 890 12 918 995 111 584 426 489 613 329 781 115 487 816 397 13 721 144 161 885 80 793
double 93 5.98 5.9 3.96 2.76 2.99 6.71 9.24 8.32 0.48 5.84 8.97 5.24 7.23 1.05 2.32 8.43 5.65 7.68 3.76 7.6 6.02 0.26 4.04 8.1 4.75 9.83 4.77 5.45 8.65 7.64 2.75 5.78 4.03 9.16 2.79 2.28 2.9 2.13 9.68 2.33 4.54 9.45 5.27 5.28 2.4 6.72 8.08 6.85 5.86 0.31 6.86 4.16 8.34 4.63 3.94 0.64 4.24 2.64 5.14 4.51 2.7 5.02 7.65 8.3 2.61 6.45 9.69 2.51 7.63 3.71 1.4 3.23 7.84 3.15 1.5 2.15 5.7 7.77 5.93 0.67 3.8 0.94 3.45 5.34 3.6 2.26 9.71 0.22 5.39 0.93 8.17 0.38 3.67
double 93 7.75 1.69 8.82 1.75 7.26 5.93 6.58 3.75 4.45 9.66 4.6 2.32 0.49 8.63 8.45 3.21 1.68 9.01 5.19 6.26 3.91 7.64 3.3 3.47 1.04 6.1 0.17 1.54 9.97 6.52 1.28 5.74 1.62 5.81 7.36 3.74 9.74 0.4 9.64 2.37 7.72 8.05 3.36 8.77 1.86 0.37 9.26 5.11 5.77 2.13 0.73 3.25 0.39 5.72 5.03 6.08 9.46 1.27 8.73 0.5 5.52 2.76 6.62 3.48 2.55 4.59 0.05 7.21 5.46 7.08 8.25 0.65 4.02 2.66 5.29 5.45 6.15 4.57 6.06 5.73 4.08 5.15 6.11 6.64 0.11 4.46 9.58 2.61 8.27 3.85 5.96 8.69 0.18
int 96 464 949 654 900 878 710 680 517 758 879 774 476 163 932 222 123 108 219 142 938 490 461 972 262 837 688 186 835 523 571 66 838 241 371 487 291 650 411 592 613 465 648 481 256 689 580 54 849 522 897 585 192 113 84 198 281 31 596 75 34 745 50 789 167 570 841 834 201 566 43 545 967 732 230 354 661 209 659 207 2 953 151 212 228 217 970 817 947 979 156 237 61 41 373 895 83
double 98 3.27 5.46 2.11 6.95 4.86 4.68 3.32 7.1 9.83 1.24 8.37 7.91 2.54 1.66 7.52 3.09 1.69 0.21 7.82 9.39 0.02 0.94 5.99 9.89 5.71 2.65 6.61 9.02 4.93 0.46 3.14 3.11 5.64 8.57 2.87 2.34 9.74 6.53 8.53 6.43 6.33 7.11 8.35 1.31 7.69 2.12 7.64 3.48 6.94 0.9 8.86 4.88 1.44 3.7 2.02 9.81 7.47 5.44 4.75 4.52 8.61 4.16 3.22 5.18 0.11 6.69 0.15 0.17 5.17 1.91 1.73 8.74 6.13 4.5 9.12 3.8 6.39 3.4 5.81 3.33 9.31 8.43 2.32 8.49 3.3 5.85 6.18 1.65 4.07 5.98 0.51 4.65 0.31 3.29 9.73 1.41 8.23 9.17
double 99 9.02 2.66 1.66 1.82 4.11 4.21 9.24 8.19 5.81 5.6 6.78 9.14 2.75 6.29 2.25 9.44 7.57 3.76 5.09 7.54 5.64 8.64 7.14 9.18 2.78 2.74 7.24 1.9 4.22 7.85 1.53 5.25 8.16 2.68 1.17 3.6 9.39 8.58 3.95 9.11 3.74 1.67 2.38 0.55 6.72 2.42 0.97 8.51 5.44 6.18 3.53 4.12 1.23 3.1 0.45 1.49 0.96 0.98 3.32 3.02 3.44 0.15 7.12 4.05 0.21 2.71 4.95 9.13 4.81 3.04 7.36 5.57 5.99 6.16 0.17 7.86 8.56 3.93 4.57 9.47 3.67 8.8 3.61 5.51 0.75 7.81 4.98 1.83 5.74 8.68 1.63 9.89 8.09 7.76 8.69 0.3 8.03 1.68 9.5
int 100 623 372 724 3 235 283 663 580 113 223 383 403 323 22 526 958 245 200 591 596 157 490 957 631 693 451 579 709 953 349 521 386 936 791 35 966 932 915 435 589 518 376 127 268 170 254 129 442 560 763 907 688 300 886 678 987 240 655 692 989 11 156 640 986 474 648 702 132 538 856 610 248 462 249 49 916 748 484 565 176 320 213 231 161 429 364 6 597 820 901 242 550 715 341 877 175 755 499 448 832
double 101 7.01 8.96 3.67 3.27 5.86 2.68 3.3 7.35 3.29 7.19 3.15 8.18 1.02 1.11 6.31 2.7 4.81 2.49 1.17 0.4 2.72 9.88 1.04 9.18 2.06 7.04 0.62 8.44 3.79 2.51 8.32 6.03 3.49 9.06 4.69 6.74 8.15 7.53 4.11 5.38 1.87 9.77 5.12 0.96 2.48 3.63 4.34 3.53 7.79 0.98 0.43 4.93 4.24 3.41 4.61 6.15 1.66 4.62 8.93 4.75 8.16 3.6 4.77 6.81 3.11 3.01 2.33 1.85 5.48 2.19 0.5 1.73 0.82 1.49 1.35 6.37 0.09 8.08 5.78 1.78 6.45 1.58 8.39 7.14 1.63 1.98 4.63 0.55 8.45 6.65 3.39 7.03 1.91 7.71 8.98 6.28 9.87 9.23 3.96 0.17 6.42
int 101 551 642 554 862 228 689 46 821 808 688 340 331 390 468 94 897 730 784 503 244 306 98 134 813 528 911 140 420 816 620 898 117 979 549 294 910 952 357 561 348 245 216 773 68 916 447 798 514 22 27 54 243 78 222 890 830 238 722 729 246 667 804 100 717 783 342 770 789 544 307 396 226 492 87 207 380 498 966 91 995 776 509 685 724 248 434 961 386 214 678 738 25 349 79 953 220 684 762 507 606 806
double 101 8.65 9.12 7.12 8.94 7.96 0.04 7.69 9.59 8.07 6.77 1 4.09 9.76 7.14 2.41 0.56 4.24 3.01 9.29 9.7 8.47 8.13 2.48 6.22 9.43 7.64 1.92 6.07 4.31 3.3 3.58 2.63 0.28 1.11 2.37 0.85 7.05 1.18 0.5 0.78 6.1 4.25 0.99 8.85 9.82 3.12 9.37 2.58 3.24 5.24 5.51 9.21 8.34 8.08 1.46 3.87 8.57 7.66 8.25 7.9 3.66 3.77 3.9 5.92 0.25 0.83 2.08 0.73 4.47 3.49 8.72 7.57 7.25 6.89 0.3 3.11 9.08 6.33 6.02 3.21 5.95 7.02 2.2 8.41 3.23 3.62 0.55 1.78 0.29 2.45 2.76 4.42 8.37 4.71 5.99 0.05 6.15 3.14 0.88 5.49 3.91
double 104 9.1 5.09 6.25 6.39 7.84 9.2 3.52 3.39 5.72 8.34 2.59 9.64 7.6 8.08 7.18 1.74 6.08 9.77 9.52 6.37 3.03 9.75 4.1 6.81 3.91 8.41 0.59 7.86 9.65 3.56 2.03 9.13 3.51 8.64 7.19 0.22 9.54 8.86 6.88 3.21 7.82 6.77 6.71 0.72 1.26 2.82 2.66 8.47 7.42 5.03 4.88 9.61 5.47 8.62 4.61 2.05 4.34 8.74 0.54 7.29 4.15 9.89 0.13 9.05 8.85 4.75 8.24 3.83 7.69 5.37 0.92 8.93 2.95 1.77 9.3 0.45 3.85 6.65 7.22 6.23 2.57 2.72 4.41 1.36 3 5.7 5.48 1.03 8.52 4.68 9.74 2.38 4.92 0.32 2.14 9.86 6.7 7.81 4.32 1.09 4.99 6.48 3.19 1.61
int 104 912 87 806 402 838 28 215 241 900 420 731 652 235 462 505 934 917 786 72 931 133 909 856 30 519 265 766 129 452 460 684 69 997 61 849 834 189 764 246 724 113 245 509 154 650 557 708 384 435 427 585 656 872 329 867 268 333 822 739 647 789 602 996 381 800 82 225 630 970 73 922 691 394 540 205 637 949 356 45 589 881 718 738 432 593 398 266 911 195 436 3 411 828 371 648 209 649 42 510 577 301 770 137 213
double 104 1.13 1.25 5.4 8.44 5.8 5.27 5.84 5.44 1.76 2.51 5.76 5.81 4.32 1.92 7.65 2.25 6.45 0.56 8.8 0.16 5.65 3.4 4.89 7.52 2.06 1.33 4.15 3.52 5.57 5.03 8.45 4.11 0.1 2.78 9.79 8.93 3.56 2.41 6.98 1.98 9.96 3.25 3.11 0.85 7.09 8.78 0.63 6.58 8.74 1.43 8.34 6.29 9.83 5.89 3.34 7.41 2.92 9.74 0.84 0.36 4.99 6.38 4.93 3.78 0.26 6.49 2.9 1.26 7.6 0.49 3.83 9.82 6.31 0.18 7.21 1.11 5.51 5.16 9.65 0.05 0.06 3.35 2.24 4.35 4.27 2.38 7.28 3.77 5.42 8.97 8.69 8.07 0.15 0.83 6.52 7.78 1.53 4.09 5.5 8.11 2.89 7.27 1.58 8.56
double 105 9.86 9.77 0.03 4.68 2.51 4.66 8.04 3.81 9.51 0.3 0.18 2.81 8.17 3.48 5.2 3.34 8.58 1.47 4.61 2.49 6.04 0.99 9.46 0.9 3.69 9.78 8.1 6.74 7.51 1.75 5.77 2.78 3.21 5.32 5.9 2.84 1.07 9.97 8.03 4.48 6.02 7.12 8.15 3.09 9.14 0.7 8.81 7.03 3.23 7.94 3.38 1 5.48 0.53 8.35 7.7 1.7 5.44 9.37 0.32 6.27 4.3 8.64 9.03 3.05 3.36 2.7 6.68 5.84 9.54 8.93 3.43 5.13 3.56 5.55 1.71 8.34 7.58 1.61 4.73 7.24 9.32 8.24 5.26 2.75 6.75 5.76 6.11 5.18 3.45 7.07 0.24 1.3 0.98 4.37 5.73 2.56 4.18 1.43 6.32 5 2.99 4.69 0.6 7.4
double 105 7.87 0.72 9.07 2.97 3.3 9.27 9.88 3.02 0.1 0.71 8.39 9.12 4.44 6.29 1.06 3.69 4.49 5.06 0.94 8.93 2.12 1.26 7.63 6.35 0.4 0.03 2.07 8.01 2.5 2.57 8.26 8.79 8.9 7.35 9.93 7.26 1.41 6.46 4.59 0.56 8.89 2.29 1.03 4.71 2.99 0.57 6.28 0.24 7.74 4.62 6.89 2.32 7.62 5.25 6.78 4.66 2.15 4.05 2.98 1.6 9.77 9.52 0.48 2.03 3.33 8.28 0.88 8.23 4.06 1.5 3.65 8.92 8.53 4.78 3.74 7.97 4.18 8.13 9.58 4.28 8.49 5.68 6.33 1.29 5.38 5.77 5.56 8.91 7.88 1.44 3.43 0.87 6.25 6.37 4.81 6.51 5.84 3.57 0.3 1.93 8.63 4.93 1.02 6.44 5.85
int 105 733 142 761 597 417 411 339 518 268 977 6 378 843 245 52 11 830 505 569 394 672 891 298 335 145 990 953 700 559 845 144 738 659 400 443 618 376 447 270 301 974 667 181 641 932 976 832 772 206 629 82 793 698 25 826 330 216 156 360 593 663 589 433 337 492 112 957 682 925 160 948 650 384 133 62 716 199 594 327 404 714 221 929 758 501 449 207 665 787 600 809 611 257 60 526 994 347 78 182 779 883 504 75 790 685
int 106 570 305 792 283 620 760 686 864 729 86 560 704 547 374 617 369 107 138 923 977 24 160 565 362 284 390 427 651 543 317 814 443 59 2 176 710 833 533 714 353 287 882 616 926 519 635 62 754 246 122 17 357 734 1 761 351 752 682 899 958 125 411 950 175 402 301 240 49 852 321 366 8 984 790 400 865 970 781 841 118 266 397 624 324 208 575 914 838 460 998 583 342 935 495 213 797 61 220 292 394 217 43 632 195 326 829
double 106 6.3 9.44 1.15 2.86 0.62 8.25 7.06 9.03 5.2 4.85 8.27 2.63 9.36 0.4 3.85 9.17 8.15 6.76 1.04 7.82 5.18 8.61 2.94 0.8 9.6 6.66 0.11 3.6 8.13 1.65 2.22 1.01 6.39 1.42 1.16 4.26 2.19 2.13 6.82 2.78 4.54 1.92 5.11 5 7.46 7.71 1.19 2.29 6.24 2.67 1.28 1.07 4.18 7.68 8.43 3.91 8.49 9.56 3.03 9.21 2.54 1.66 1.27 7.94 8.5 1.22 0.03 3.67 9.89 4.78 7.18 1.21 2.04 4.35 7.25 6.54 0.32 9.08 1.99 6.36 7.93 0.13 8.05 8.38 9.79 1.47 1.77 7.74 5.92 0.82 4.05 4.09 3.34 1.7 7.89 1.87 2.55 8.44 6.74 1.4 4.93 9.88 5.83 7.17 0.95 8.36
double 107 3.13 1.49 2.04 3.15 2.98 5.39 9.48 9.84 5.75 4.56 2.8 1.66 7.65 4.13 2.78 8.62 8.31 1.2 0.92 1.12 8.15 7.88 2.59 5.81 8.79 9.93 5.62 9.66 2.23 7.55 2.44 7.73 2.47 7.22 6.06 6.74 6.66 7.91 9.1 8.08 1.73 1.26 6 5.11 0.83 2.41 6.98 4.42 7.28 9.86 3.5 2.49 1.52 4.74 9.74 5.89 5.33 2.63 7.01 0.93 9.85 8.58 3.78 2.15 7.17 8.59 6.95 7.93 9.51 4.7 9.32 8.37 7.34 3.53 3.97 2.88 7.47 6.33 7.48 6.99 2.71 4.39 6.14 9.09 2.14 1.44 4.37 5.57 7.58 5.84 6.61 5.93 6.42 0.1 6.12 5.24 8.14 4.35 8.33 9.34 3.46 1.31 5.74 5.35 3.24 3.77 8.83
double 108 8.84 4.85 3.1 5.29 3.07 2.44 5.28 7.85 0.83 3.26 9.73 0.9 9.06 4.12 5.65 5.41 5.97 7.34 5.68 5.44 2.86 8.27 0.43 4.58 9.66 9.01 5.78 3.54 1.26 3.59 7.65 5.17 8.98 8.22 2.06 0.29 1.03 2.59 4.17 8.1 0.66 9.2 6.01 9.36 6.25 9.51 6.33 9.88 1.39 4.97 7.45 8.53 6.11 4.2 0.02 9.42 2.1 2.13 8.95 3.37 4.15 9.54 2.61 2.17 2.68 9.86 9.72 2.46 7.98 0.03 0.36 8.83 9.63 3.79 2.4 0.99 1.77 9.37 6.18 0.72 3.19 5.76 7.47 1.32 8.28 6.22 1.6 4.68 1.31 1.16 8.54 7.23 9.05 2.93 9.11 0.86 2.79 0.27 1.23 9.62 0.44 5.66 9.68 7.59 9.83 2.98 2.64 0.98
double 109 9.18 7.16 5.54 5.78 6.12 8.91 0.16 2.47 9.73 7.3 3.9 9.86 4.18 9.98 5.07 2.73 8.79 5.74 4.06 7.96 2.08 5.73 7.76 3.31 5.64 5.93 8.55 3.02 5.94 2.42 5.39 6.43 9.64 8.49 8.83 7.48 4.42 7.34 5.5 4.35 5.29 8.74 4.56 5.98 1.28 7.83 5.43 3.8 1.51 1.76 4.27 7.37 4.41 3.67 3.23 2.55 9.67 7.68 1.38 1.91 4.22 6.52 1.39 0.85 4.3 2.17 8.88 4.48 2.74 3.03 6.55 2.96 4.97 3.47 1.13 0.18 0.54 1.65 2.09 3.3 8.59 9.9 8.34 6.85 9.54 6.77 9.91 4.39 5.18 3.12 3.81 3.93 7.42 7.53 5.14 7.6 6.29 2.37 8.09 9.83 4.37 4.25 6.24 4.57 7.64 3 0.17 0.11 4.28
int 109 164 146 851 294 253 554 694 50 989 9 802 224 427 174 307 550 305 151 52 588 184 428 241 99 332 978 888 355 640 476 317 251 313 519 226 92 266 90 421 157 533 910 406 534 457 696 227 80 649 309 206 102 447 412 65 535 873 730 441 228 954 844 22 955 902 79 195 134 842 585 455 86 546 931 415 260 634 898 319 387 46 625 179 810 42 668 359 51 824 659 104 543 731 721 953 301 887 360 961 28 44 283 568 175 926 59 303 561 686
