14 5 8 6 2 9 4
61 10 13 4 11 6 1 8 5 9 7 16
63 10 13 12 3 16 17 9 1 11 18 10
78 11 20 12 1 16 22 6 2 18 13 3 14
60 11 6 13 22 2 15 4 5 20 19 9 14
71 14 25 12 28 10 23 17 13 18 8 22 16 4 7 5
60 14 20 9 3 26 7 10 22 14 21 6 13 15 16 2
71 15 5 9 26 11 19 25 7 1 29 2 30 12 21 14 23
156 15 20 1 18 30 19 28 21 2 22 12 29 23 3 27 17
71 15 1 13 26 27 15 10 4 8 28 2 30 17 12 29 18
69 18 35 3 27 5 20 8 33 21 28 13 18 6 14 11 30 23 15 4
60 18 4 25 27 22 12 23 11 1 35 33 18 19 6 26 9 7 20 34
92 20 40 1 39 19 24 28 21 16 29 11 36 14 15 5 27 22 7 30 25 26
94 20 21 26 23 11 4 33 31 8 25 24 15 27 17 13 39 37 40 9 35 19
200 21 2 13 23 9 29 36 35 28 19 16 26 8 40 38 17 10 21 30 3 12 4
86 22 7 34 24 37 31 32 29 5 4 43 12 19 6 36 30 14 33 25 9 16 23 27
98 23 15 10 44 4 8 26 35 28 13 29 23 38 37 21 25 24 3 14 18 34 31 6 39
189 24 19 38 42 39 31 32 33 28 36 30 35 3 16 9 43 23 17 24 2 48 37 11 13 15
75 24 33 39 1 31 11 28 48 18 23 20 46 3 4 35 38 7 26 10 14 21 25 37 22 16
135 25 30 18 26 3 20 29 5 44 12 33 41 49 4 43 15 32 42 27 28 22 35 23 24 2 25
175 26 16 28 12 45 33 17 36 34 21 22 11 29 41 30 44 9 1 7 47 31 48 19 40 50 8 32
211 27 4 21 43 49 54 9 25 6 2 10 34 13 15 16 47 5 30 31 29 23 12 45 14 17 20 36 33
140 27 40 5 38 36 50 18 16 43 34 45 6 41 54 21 47 31 11 29 20 30 24 49 10 9 53 42 13
72 27 29 27 8 47 7 6 33 39 4 41 12 24 17 11 19 44 34 48 10 32 43 5 54 22 30 21 23
180 27 41 48 51 45 50 35 37 14 31 28 12 13 46 4 2 32 15 17 9 40 26 38 18 33 39 30 11
108 29 44 14 15 7 41 35 2 54 39 26 16 29 21 56 9 18 6 55 4 25 40 57 17 51 23 13 10 24 46
274 29 46 26 28 29 18 39 50 58 40 20 16 56 57 23 30 36 6 24 7 34 8 37 5 42 41 38 13 35 10
93 31 17 3 61 19 10 15 52 14 50 31 47 16 32 48 13 44 26 60 2 18 58 54 42 29 36 38 12 37 57 25 9
153 31 45 22 1 61 54 36 51 33 31 19 56 10 44 13 18 34 20 5 2 30 24 40 29 52 37 32 16 17 43 48 23
212 34 16 31 65 64 56 18 13 14 32 8 28 36 25 1 50 7 2 51 68 39 3 21 35 9 24 60 40 41 11 4 30 22 12 27
254 35 59 67 4 54 21 65 38 30 3 45 16 10 9 52 50 25 14 6 23 20 66 37 28 31 19 1 58 46 70 48 26 51 35 7 17
211 36 2 71 60 9 62 34 65 56 24 51 57 45 39 70 14 28 50 35 36 7 72 10 37 41 49 31 20 21 64 16 5 4 13 61 66 25
124 39 72 1 49 63 25 11 4 10 47 3 2 58 65 21 23 48 70 17 32 44 39 54 77 62 8 6 14 56 45 31 12 51 40 61 71 73 67 52 50
194 40 56 64 51 16 12 29 44 68 9 48 18 19 73 20 7 70 62 3 54 69 38 75 79 22 6 10 52 45 8 57 13 25 14 33 76 1 47 77 55 60
181 40 9 61 45 11 21 25 46 62 29 32 58 70 20 78 53 8 44 22 73 59 56 24 43 47 57 40 28 72 48 30 74 64 1 34 49 71 38 6 65 19
248 40 50 39 13 43 28 67 80 53 18 63 65 17 9 76 58 60 45 48 36 42 77 14 20 4 3 22 56 5 32 68 66 24 78 2 6 51 74 69 19 62
215 41 59 2 6 61 23 53 25 30 80 66 14 38 20 40 26 7 60 74 9 57 16 4 46 11 49 64 32 18 28 31 43 68 19 8 67 27 42 37 29 73 54
93 41 62 13 67 27 53 25 19 60 82 18 57 79 11 12 51 75 46 48 59 42 52 58 23 40 9 81 6 68 17 22 76 72 7 30 70 71 37 41 28 77 80
124 42 14 75 50 17 76 40 72 12 74 53 71 43 37 32 57 8 13 34 46 44 47 51 52 23 70 48 10 1 68 64 36 60 77 9 24 73 38 15 19 65 63 21
154 42 57 46 44 6 8 78 58 22 25 3 30 39 10 34 17 77 84 26 65 66 52 13 59 45 61 47 72 9 23 82 42 68 64 53 51 73 19 41 69 56 36 31
218 43 13 47 21 55 33 34 51 73 19 78 40 38 67 10 57 62 30 70 22 76 28 26 35 53 1 77 9 71 86 63 8 41 31 32 14 27 20 60 80 24 42 64 6
275 43 75 81 36 8 83 35 28 64 54 57 52 42 1 70 30 79 6 19 80 56 39 43 78 18 24 14 51 60 22 49 3 77 50 45 23 21 76 15 33 4 84 7 9
194 44 73 20 70 62 50 3 9 75 33 2 71 77 28 53 47 69 83 14 21 78 34 5 31 51 13 23 11 38 57 25 8 87 35 59 36 72 61 4 48 30 55 86 15 37
236 44 5 65 3 35 12 6 72 45 18 54 57 40 77 42 88 71 16 86 24 14 63 31 21 13 2 50 22 66 17 27 39 51 48 59 32 79 37 43 26 41 10 69 76 23
186 45 82 83 42 89 68 49 67 61 29 79 19 26 14 69 81 7 52 5 43 16 2 78 59 54 62 41 85 45 84 40 25 22 6 55 71 86 13 8 88 21 32 11 1 20 12
218 45 50 64 13 62 69 73 76 52 56 55 87 1 11 46 39 43 48 31 24 82 3 90 63 42 7 5 57 78 41 83 61 29 65 75 20 54 58 10 88 6 40 32 25 38 21
158 45 36 73 12 82 5 56 32 28 59 37 44 77 19 30 76 1 18 40 75 88 35 48 13 65 39 55 31 2 72 34 27 42 52 24 6 58 23 68 83 81 87 51 79 62 54
335 46 20 2 79 90 80 27 39 89 62 36 83 82 37 26 84 67 10 57 1 50 34 12 11 61 41 75 77 81 45 92 18 55 33 85 54 42 17 6 48 78 69 15 68 43 59 32
65 46 86 19 85 82 26 24 40 11 44 57 74 48 42 46 18 72 64 83 90 34 89 15 45 21 6 55 73 81 14 38 67 16 68 12 25 88 66 91 51 31 35 2 49 39 3 9
299 47 7 21 25 38 33 43 74 53 11 57 29 58 79 15 55 41 77 24 18 82 67 19 16 88 80 81 42 49 69 65 91 92 51 13 44 46 34 50 63 54 70 30 78 32 73 45 27
272 48 75 71 42 4 33 61 56 26 77 53 90 43 35 44 80 28 30 50 91 12 55 87 74 17 66 7 27 29 72 54 60 41 2 45 24 88 36 21 18 68 63 62 93 19 65 79 40 6
184 48 10 95 79 69 67 55 27 33 43 22 26 23 35 85 8 49 84 48 31 75 78 68 19 96 59 66 80 93 64 62 15 1 17 28 20 88 57 82 70 25 42 21 46 40 72 52 24 6
284 49 43 85 3 54 63 25 64 73 94 90 31 34 50 10 86 57 33 62 13 17 87 74 82 35 80 70 75 89 47 27 91 29 18 77 95 44 92 22 52 36 96 46 2 56 48 83 49 26 7
572 49 52 92 72 48 66 83 16 89 98 62 81 36 45 49 54 77 91 20 94 12 51 57 69 40 68 50 41 96 30 25 73 5 3 29 60 58 85 64 34 71 76 24 43 15 32 22 97 26 88
281 49 45 80 75 13 84 15 77 79 50 30 65 24 38 25 81 96 83 46 26 52 91 72 41 14 42 51 20 44 40 47 8 82 88 67 21 70 85 11 34 12 73 39 49 76 7 22 87 29 36
233 50 77 37 30 22 68 31 32 100 65 55 91 19 1 20 94 90 34 51 50 86 42 81 61 53 18 10 29 88 27 84 92 5 38 80 48 49 85 35 4 58 52 64 14 6 70 46 62 15 56 78
265 50 65 18 57 32 54 43 81 84 79 19 29 63 76 7 95 14 50 39 85 34 55 73 87 23 42 4 15 69 16 60 25 99 82 37 22 11 21 20 77 8 30 44 5 45 3 90 61 13 9 93
270 51 95 33 78 79 63 77 46 28 7 55 17 42 48 75 24 102 76 29 62 4 50 5 3 51 74 32 93 81 88 59 70 69 43 56 82 71 65 96 15 6 27 85 18 64 2 36 35 45 22 34 58
375 51 79 77 12 38 41 82 78 74 44 30 68 13 91 67 29 88 35 3 8 39 22 1 97 9 54 80 71 31 6 24 96 36 18 11 81 53 25 5 69 42 40 63 15 62 58 84 72 27 90 95 87
240 53 72 65 82 75 30 33 101 10 4 95 104 89 78 34 67 7 6 26 40 28 49 27 38 21 3 19 55 105 51 97 23 2 66 5 61 64 102 39 106 8 73 12 81 9 74 37 16 42 91 54 96 87 68
216 53 55 77 21 10 62 27 91 44 89 74 26 57 31 65 12 92 104 84 6 81 25 53 46 87 2 79 28 75 34 99 105 59 47 69 9 82 8 86 52 11 103 49 58 100 30 80 106 54 68 71 13 39 66
415 54 44 98 2 60 68 102 14 73 84 80 20 94 4 61 77 17 5 65 53 13 70 71 15 97 41 27 78 28 56 8 76 26 69 6 108 74 35 90 63 19 7 24 88 55 34 11 12 95 91 29 22 62 43 9
559 54 55 38 76 1 2 74 61 66 108 91 79 97 12 64 107 54 6 26 80 93 33 31 84 71 19 15 25 17 47 40 98 43 56 94 4 106 87 73 45 41 35 37 7 63 16 70 99 75 23 14 10 86 49 69
437 58 88 90 53 83 7 49 52 24 54 63 104 97 30 25 113 92 78 108 116 47 51 31 18 19 100 70 13 11 21 33 82 59 10 38 42 16 89 34 26 6 22 99 45 50 44 68 55 29 8 60 3 73 17 86 93 103 36 67
316 58 81 79 111 47 70 112 6 56 30 60 11 72 61 113 16 53 101 58 4 45 8 28 22 71 73 110 86 14 66 31 83 94 100 89 98 107 85 44 84 12 69 1 102 55 43 59 3 51 10 96 25 99 103 80 75 82 76 2
354 58 3 11 98 107 4 77 90 89 80 42 47 45 9 54 34 33 82 38 84 25 23 102 59 49 10 8 113 5 100 104 30 114 2 106 32 50 15 20 13 18 81 73 55 39 109 24 26 64 88 52 17 75 65 41 22 103 101 44
443 58 3 60 65 79 97 48 107 42 68 52 103 31 87 27 55 115 13 99 112 45 24 93 57 102 96 75 21 30 18 41 10 50 90 82 47 62 70 105 11 19 20 95 38 5 67 108 26 8 2 69 84 85 73 116 59 63 40 32
177 60 108 12 39 95 7 64 113 50 41 62 87 61 99 44 5 91 103 120 26 66 85 117 23 46 43 42 29 67 11 59 30 54 20 48 55 27 83 111 105 102 90 6 100 19 40 78 86 2 1 81 97 18 58 109 116 38 76 16 79 60
535 61 65 4 86 73 30 5 62 8 106 23 3 111 66 105 49 85 88 56 48 87 24 76 60 99 36 119 95 70 46 58 16 40 67 69 114 96 100 117 84 108 116 20 103 6 37 82 43 45 38 18 92 63 42 51 55 83 79 12 7 47 39
166 70 108 48 134 114 61 83 88 69 133 60 19 27 137 119 49 128 94 21 107 130 74 63 29 111 52 8 2 112 127 38 82 99 56 86 12 73 102 121 41 6 125 67 123 139 42 35 71 87 101 7 51 93 132 113 109 31 92 96 23 104 72 50 131 13 106 76 58 14 98 36
225 73 115 129 146 41 62 102 109 96 17 39 86 128 23 53 44 114 31 140 4 3 70 101 93 99 11 61 40 55 82 56 65 32 97 9 25 52 15 38 20 103 85 78 49 10 33 7 2 110 105 16 14 69 75 143 133 116 5 22 127 48 123 36 42 27 30 139 77 76 19 88 79 26 145
551 73 118 106 121 47 101 103 5 25 20 72 112 71 14 28 77 129 36 45 17 58 57 120 70 108 146 30 3 109 52 78 90 123 19 63 124 144 88 73 10 22 74 62 66 8 27 11 60 6 46 38 83 4 133 31 44 49 114 145 39 100 82 75 42 95 143 139 135 122 115 136 81 87 53
796 74 47 89 97 93 11 117 48 73 59 135 18 94 114 23 143 62 109 131 110 81 42 129 78 90 4 64 9 15 127 92 132 43 44 145 66 126 70 31 104 99 80 68 30 53 39 7 25 147 116 98 112 57 27 1 103 106 12 54 119 137 76 141 24 144 111 22 148 46 63 79 133 118 84 108
610 75 142 48 143 74 148 23 138 134 95 19 56 132 127 96 107 110 40 54 8 2 101 149 50 28 122 121 42 61 18 102 37 136 13 80 89 124 147 58 112 105 62 63 52 139 140 145 123 68 27 88 141 90 108 137 103 44 49 125 87 35 22 79 128 43 94 33 114 82 51 135 67 21 45 120 47
281 77 48 88 55 77 6 153 30 119 51 56 105 23 123 106 5 47 147 81 82 49 102 99 40 66 44 64 24 111 139 118 57 8 25 14 96 149 95 54 68 71 52 120 150 87 100 84 97 143 138 122 15 21 151 43 65 27 148 107 59 73 89 39 63 131 86 128 76 29 4 93 112 1 46 11 45 61 12
470 77 41 124 132 154 131 15 149 11 27 62 142 47 26 65 40 108 73 30 68 84 153 28 121 103 19 148 128 98 110 127 133 75 2 77 52 9 6 59 49 136 23 88 130 32 12 114 152 93 80 107 123 22 117 106 101 16 67 94 105 70 33 5 99 50 31 102 64 66 120 134 86 150 82 46 39 129 76
434 77 74 103 127 141 31 24 98 88 42 61 81 57 23 90 146 48 3 135 5 142 134 151 93 36 46 18 10 150 136 96 28 55 41 22 60 137 4 99 102 64 97 9 33 78 63 34 21 58 145 47 129 86 70 35 87 54 16 66 143 101 75 26 30 104 84 82 8 95 121 80 112 132 124 144 6 1 50
385 79 101 142 38 50 6 5 83 128 124 75 9 57 45 93 106 68 60 17 1 130 21 42 53 4 46 121 129 103 67 131 33 22 16 132 113 47 23 126 154 11 85 110 114 87 116 95 96 25 12 125 147 94 97 107 70 88 3 48 43 84 66 36 82 34 19 76 86 69 143 10 37 89 122 115 20 157 112 26 29
437 80 17 105 99 108 90 123 141 140 120 31 35 71 8 149 84 42 150 19 113 82 118 68 79 48 158 80 142 57 131 93 112 3 16 98 49 153 2 106 148 61 94 86 121 46 136 28 122 53 135 107 34 109 58 111 152 9 139 96 15 5 128 146 138 10 102 97 44 137 59 103 43 91 40 47 23 115 100 21 77 145
281 80 112 32 137 110 13 69 90 148 124 156 93 102 132 20 123 76 6 71 98 79 56 153 133 145 142 74 36 3 66 140 22 75 135 77 96 68 33 84 42 101 10 60 157 63 151 61 100 25 91 114 50 136 104 160 2 45 41 143 58 24 51 116 89 81 149 95 21 57 38 107 117 15 130 120 52 83 23 159 115 5
377 82 67 35 92 111 44 151 13 130 106 147 120 134 101 138 54 14 158 104 32 99 37 26 43 142 122 80 81 65 40 7 98 95 6 140 12 100 93 8 49 53 4 55 83 28 127 131 87 75 152 145 116 1 85 118 10 110 88 69 38 78 63 42 22 19 25 41 123 23 159 113 70 108 17 50 71 153 72 30 51 136 34 59
610 82 142 73 84 118 2 65 81 92 101 5 60 55 57 48 138 22 150 89 8 137 79 113 117 64 1 140 132 127 61 164 124 162 16 30 46 9 115 62 161 42 29 163 72 11 126 21 151 38 75 51 6 143 109 144 88 128 76 136 24 27 154 33 131 135 108 47 112 28 100 44 107 111 102 26 98 122 53 10 103 145 56 133
621 83 9 17 128 24 22 114 92 51 132 5 86 34 47 25 154 143 18 70 125 11 78 41 77 28 60 56 37 35 39 158 109 71 157 68 131 85 119 8 20 2 61 99 12 156 97 141 135 151 98 159 162 55 122 121 163 104 48 145 76 106 108 152 93 91 59 129 30 94 7 110 117 90 124 83 57 69 139 64 166 27 140 54 58
413 85 71 81 37 78 102 121 107 25 105 9 50 17 163 131 27 115 53 2 96 146 76 147 18 142 86 104 152 15 16 125 72 33 63 164 103 46 32 89 144 132 26 94 39 101 87 19 21 68 5 106 92 150 112 40 97 70 165 170 7 47 117 168 95 44 20 28 169 80 59 143 88 73 129 162 109 136 123 31 83 126 48 84 91 114 6
154 86 1 150 97 21 59 108 88 22 13 44 42 172 165 12 40 99 25 141 17 85 24 110 138 31 36 140 135 146 123 107 33 117 60 67 152 26 81 167 43 71 32 118 56 127 48 28 49 144 23 94 73 134 51 143 91 120 50 155 29 149 98 6 160 16 151 7 122 145 104 90 55 62 2 77 18 84 168 10 112 161 76 65 111 163 80 20
449 86 107 164 2 44 131 94 109 161 102 151 30 61 90 72 113 57 34 122 74 42 106 14 149 53 103 104 29 33 101 157 110 81 127 26 62 137 116 36 136 8 114 88 111 67 65 141 95 147 118 40 165 28 15 1 48 38 150 169 9 99 170 58 10 77 126 82 100 156 134 47 140 133 68 16 160 35 144 152 54 155 11 83 167 59 92 159
359 90 137 34 77 133 163 150 174 58 73 23 16 113 61 80 64 123 161 128 20 37 2 69 144 52 78 107 62 42 75 48 95 178 7 141 157 18 170 76 84 59 130 39 167 143 45 83 11 118 166 6 129 154 89 3 117 148 146 111 8 31 55 19 32 125 99 30 135 153 171 131 88 109 43 140 159 35 149 27 46 147 21 122 96 127 85 173 94 41 87 112
251 92 173 45 100 123 20 44 40 109 26 73 65 58 177 15 13 117 112 61 101 75 33 48 87 162 74 62 121 160 53 136 138 99 102 148 137 46 140 152 149 47 37 163 119 169 39 146 150 124 108 10 32 11 128 113 21 18 122 88 66 12 125 71 126 31 22 35 16 8 17 30 96 155 23 77 80 97 175 174 50 41 157 76 68 89 142 3 145 38 63 184 69 59
418 92 152 99 70 64 12 58 106 94 22 119 167 141 161 20 56 11 173 127 137 131 72 5 123 130 82 101 45 157 179 43 51 35 155 73 124 59 98 66 142 172 110 181 32 108 33 50 69 7 27 102 148 67 29 171 47 136 112 65 111 156 168 164 4 120 68 44 48 91 144 128 40 10 115 3 178 30 133 74 166 19 53 92 79 121 80 134 109 132 177 55 34 163
391 93 99 81 98 138 184 181 177 153 12 127 32 160 92 93 35 89 111 13 104 130 24 182 123 155 66 120 103 56 39 140 55 52 68 161 90 143 148 117 25 173 162 112 45 147 88 19 74 85 151 33 159 9 122 62 126 170 175 73 75 116 77 87 20 115 185 57 157 179 119 82 47 28 63 18 121 169 11 29 61 134 96 100 2 78 1 46 154 84 136 5 132 72 58
731 94 138 45 66 183 143 26 152 59 177 5 155 31 109 168 180 146 3 153 87 2 100 7 61 188 22 119 47 137 97 147 37 124 86 51 48 30 136 101 90 65 122 114 148 175 17 163 76 139 44 24 72 39 84 80 156 159 111 140 79 35 105 58 95 157 99 81 166 112 107 110 63 53 113 78 50 167 11 28 131 57 54 20 150 56 161 49 179 125 160 134 82 187 102 186
273 96 153 43 99 13 156 32 48 4 44 40 166 151 82 100 93 14 124 128 108 33 17 50 37 138 46 134 66 75 3 16 131 90 169 144 20 102 6 2 22 152 24 118 28 140 103 130 172 129 76 147 107 64 141 186 36 117 25 19 54 174 77 85 98 60 164 183 47 179 137 104 97 157 114 52 132 73 11 21 121 8 136 92 180 113 115 176 135 51 91 7 27 12 65 173 111 59
272 97 147 151 125 28 152 187 5 74 73 70 59 106 43 148 162 159 167 176 35 104 88 55 21 136 63 101 34 18 50 51 130 149 82 164 173 175 3 9 194 91 60 170 48 37 192 67 66 29 160 155 4 2 116 93 13 150 182 191 78 100 19 12 65 39 84 81 97 139 110 132 32 138 117 109 83 128 14 103 95 142 180 76 25 94 15 11 181 158 157 44 49 46 184 166 114 1 124
641 99 150 52 172 161 143 138 121 182 105 133 139 126 20 181 32 144 154 124 197 17 9 163 12 112 25 137 184 106 66 97 57 92 34 158 87 152 13 21 115 40 16 186 84 174 128 122 101 104 31 149 28 60 29 23 180 30 19 99 5 108 136 47 107 123 118 145 46 59 53 142 162 168 194 18 134 45 156 33 111 190 130 119 179 48 178 62 7 153 91 76 44 1 188 175 54 173 125 64 55
737 100 159 75 126 74 181 136 27 122 121 86 179 59 157 110 123 131 24 145 28 64 150 183 143 161 12 139 200 103 4 153 51 6 2 46 144 67 170 173 84 94 168 151 60 189 156 73 148 91 15 16 174 66 160 108 132 38 199 80 166 32 82 57 177 100 172 120 107 19 187 116 158 42 65 137 141 87 115 109 43 13 35 178 111 49 155 90 3 71 40 196 130 112 22 105 127 31 119 133 9 96
697 100 63 144 93 31 171 157 48 168 192 121 6 110 146 197 140 65 196 13 72 44 176 88 2 130 27 91 120 70 71 166 187 200 34 142 153 87 28 163 103 77 129 145 177 5 100 178 69 181 24 21 78 23 18 141 19 194 104 57 20 42 106 111 29 172 61 148 85 109 119 136 45 165 179 56 114 49 162 82 127 41 14 84 95 113 170 159 175 98 86 174 180 139 52 161 116 12 50 16 156 186
395 101 123 19 50 80 126 197 58 10 116 11 97 129 167 41 158 59 85 121 37 133 190 174 7 75 73 102 195 186 47 144 160 181 40 185 138 122 156 89 135 66 22 25 171 60 48 62 134 100 155 8 127 32 23 172 113 137 120 76 153 139 90 45 13 4 175 159 189 125 31 28 196 111 149 154 157 27 24 147 132 49 3 44 51 2 92 179 118 99 43 69 182 191 18 200 79 165 192 70 114 34 21
390 101 27 138 199 180 147 48 74 128 152 47 170 58 100 132 7 9 158 94 66 52 116 17 26 106 172 160 75 190 191 139 197 35 23 11 55 16 77 91 19 83 95 141 150 92 133 8 201 99 43 202 32 14 90 12 41 102 57 10 185 165 24 54 40 162 86 135 167 129 39 166 143 192 189 73 108 110 188 136 31 87 67 2 183 111 113 20 118 85 22 107 117 38 194 181 18 184 149 70 37 59 144
228 102 80 31 54 62 140 129 189 39 170 141 36 167 155 21 132 14 68 48 112 28 188 174 101 121 88 17 186 185 148 22 178 7 9 15 58 122 10 100 84 81 44 133 103 117 151 98 8 95 29 108 166 56 18 63 46 128 179 73 158 165 136 130 149 176 142 152 109 55 164 11 78 190 34 61 154 74 69 59 199 37 83 204 137 91 162 198 125 51 13 25 120 1 33 183 187 72 60 161 27 131 202 4
982 103 121 32 45 191 27 147 174 178 202 93 141 22 12 192 44 176 36 177 128 2 190 17 60 47 75 94 70 126 39 120 15 20 115 65 87 82 125 175 206 165 198 148 83 118 41 158 95 194 9 72 134 168 133 200 42 164 107 8 136 91 154 90 181 122 55 111 124 149 53 137 28 80 132 81 156 113 92 153 187 5 56 78 186 143 172 151 162 204 138 86 63 129 140 31 185 155 51 130 18 142 33 79 182
