int 10 (46 66) (30 93) (41 52) (86 18) (93 53) (56 56) (24 40) (36 49) (50 35) (53 28)
bool 11 (0 1) (0 1) (0 0) (0 0) (1 1) (1 0) (0 1) (0 1) (0 0) (1 0) (1 0)
bool 12 (1 1) (0 1) (1 1) (0 0) (1 0) (1 1) (0 1) (1 0) (1 1) (1 1) (0 0) (0 0)
double 13 (1.32 1.21) (9.52 3.94) (0.63 2.81) (8.62 0.65) (7.88 9.09) (7.32 9.58) (4.37 0.63) (1.78 6.07) (9.92 7.32) (3.32 1.49) (1.62 9.21) (3.04 3.92) (6.33 5.64)
int 14 (65 12) (55 7) (26 90) (60 8) (52 20) (58 15) (98 75) (58 65) (69 31) (82 78) (78 69) (1 9) (50 19) (12 34)
char 15 (i k) (o k) (s f) (f t) (p h) (h d) (r g) (o d) (p e) (p q) (t e) (n g) (n e) (h o) (k h)
char 16 (d t) (c d) (k t) (m r) (m c) (r t) (n k) (t k) (l p) (s c) (f k) (c i) (d t) (j n) (k l) (f c)
double 16 (1 5.11) (7.92 6.42) (7.47 2.44) (4.97 6.7) (6.53 6.44) (7.83 2.95) (2.12 2.88) (9.56 0.66) (0.7 2.95) (3.17 3.92) (2.08 7.27) (2.06 2.03) (7.71 3.61) (4.05 1.83) (9.66 4.15) (3.97 5.97)
double 18 (6.77 0.81) (6.55 2.93) (9.14 0.71) (9.56 1.54) (2.34 4.73) (5.64 7.83) (7.1 4.13) (7.01 0.33) (8.5 0.45) (8.06 3.49) (4.16 7.86) (3.19 3.68) (1.35 2.18) (9.31 4.45) (0.29 3.85) (8.27 9.44) (4.94 4.23) (9.08 9.19)
bool 18 (1 1) (1 1) (0 1) (0 0) (0 0) (0 0) (1 1) (1 1) (1 0) (1 0) (0 1) (1 1) (1 1) (0 1) (1 1) (0 1) (0 1) (1 1)
int 18 (82 53) (79 14) (57 75) (29 5) (4 52) (65 85) (55 2) (21 11) (2 86) (75 26) (92 2) (3 98) (89 82) (5 74) (67 36) (28 39) (34 16) (60 84)
char 19 (h h) (p i) (g e) (h g) (s h) (c l) (t r) (g h) (a s) (b c) (c f) (j l) (i c) (d n) (a q) (c e) (k b) (h a) (i p)
int 21 (10 87) (50 30) (31 73) (1 27) (4 86) (84 92) (5 94) (61 55) (70 83) (81 55) (77 92) (93 74) (9 78) (8 43) (55 53) (98 89) (34 10) (6 42) (63 37) (96 61) (88 32)
int 22 (71 22) (28 55) (53 26) (49 82) (32 38) (68 37) (79 51) (12 69) (53 5) (28 98) (46 59) (6 13) (51 50) (83 45) (74 95) (5 28) (47 64) (41 15) (99 98) (43 92) (22 50) (19 39)
bool 24 (0 1) (1 1) (1 1) (0 0) (1 0) (0 0) (1 0) (1 1) (1 1) (0 1) (1 1) (1 0) (1 0) (0 1) (0 0) (1 0) (1 1) (0 0) (0 0) (1 1) (1 1) (1 0) (0 0) (0 1)
int 28 (35 15) (73 97) (96 71) (12 71) (10 82) (93 90) (52 49) (54 38) (33 27) (21 18) (82 3) (9 1) (85 28) (44 93) (82 50) (25 65) (75 82) (95 89) (90 61) (94 53) (89 51) (45 92) (62 39) (28 65) (76 32) (73 4) (43 74) (27 75)
char 28 (e h) (i b) (o h) (r f) (t f) (s j) (p o) (e l) (e j) (p t) (p t) (l j) (g i) (t l) (b n) (e l) (k g) (o b) (l h) (j i) (q j) (t j) (b k) (o b) (c b) (f b) (s m) (h n)
double 29 (3.9 9.64) (5.62 3.14) (7.42 6.29) (1.21 1.01) (4.5 9.78) (8.79 8.89) (4.02 8.16) (7.84 1.9) (5.83 5.21) (0.04 2.79) (5.75 2.85) (8.41 7.34) (6.4 3.38) (4.22 6.51) (9.9 8.41) (6.01 4.25) (9.52 2.58) (8.77 0.74) (6.05 7.6) (8.78 8.95) (6.59 1.37) (7.98 7.27) (9.99 4.19) (5.59 4.2) (7.46 4.26) (8.23 1.58) (8.84 0.57) (4.45 5.58) (5.81 3.39)
double 29 (4.19 3.55) (3.88 9.88) (9.29 5.38) (3.86 6.2) (8.16 1.69) (6.35 6.51) (6.13 5.62) (7.31 7.19) (5.76 5.69) (4.36 7.19) (9.18 6.12) (5.69 2.47) (5.28 3.09) (6.88 0.18) (8.72 9.09) (2.96 5.3) (8.14 8.06) (7.06 6.72) (2 4.17) (6.87 7.53) (0.8 6.78) (6.4 3.79) (6.89 0.1) (2.32 2.4) (5.4 7.13) (5.38 7.62) (7.46 4.22) (2.1 5.35) (4 8.46)
bool 30 (1 0) (1 0) (0 0) (1 1) (1 0) (1 1) (1 0) (0 0) (1 1) (1 0) (1 0) (0 1) (1 0) (0 0) (0 0) (1 1) (0 1) (1 0) (0 0) (1 0) (0 1) (1 1) (0 0) (0 0) (1 1) (1 1) (0 0) (0 1) (0 1) (0 1)
char 31 (i n) (g s) (q m) (n s) (f o) (h i) (h n) (o p) (h n) (p b) (p j) (t k) (t f) (m r) (j l) (o q) (g p) (k c) (i p) (t m) (t m) (r m) (k d) (g r) (b p) (q c) (c k) (e l) (h t) (o i) (f d)
char 31 (k m) (d l) (n j) (j m) (p n) (d t) (h a) (e m) (d t) (n q) (q b) (c e) (q h) (i d) (r p) (e i) (b d) (e s) (o c) (t q) (s d) (o d) (t m) (k m) (m n) (i t) (b n) (h h) (t g) (l q) (k r)
bool 32 (0 1) (1 1) (1 0) (0 1) (1 0) (1 1) (1 1) (0 1) (1 0) (1 0) (1 1) (0 1) (1 0) (0 1) (0 1) (1 0) (0 1) (0 0) (0 1) (1 1) (0 1) (0 1) (0 1) (1 1) (1 1) (0 0) (1 1) (1 1) (0 0) (1 0) (0 1) (0 1)
int 34 (35 13) (81 18) (52 34) (33 32) (73 34) (56 96) (75 18) (20 86) (93 74) (58 30) (67 16) (94 29) (99 56) (82 52) (10 15) (8 56) (2 70) (7 29) (90 93) (46 14) (60 62) (46 16) (57 2) (73 88) (78 37) (71 83) (25 9) (70 76) (50 93) (42 68) (74 21) (29 20) (85 63) (20 45)
double 36 (3.8 5.35) (3.02 8.97) (2.86 7.22) (9.69 4.68) (0.71 0.17) (4.62 2.52) (6 9.05) (8.39 4.6) (1.72 9.57) (4.77 0.12) (2.93 2.53) (4.39 5.96) (6.84 6.28) (4.8 7.37) (5.04 5.67) (0.39 7.89) (1.8 6.15) (4.93 6.21) (1.33 2.04) (2.14 4.91) (2.28 3.67) (3.54 5.56) (2.06 1.91) (9.21 7.25) (9.41 5.46) (9.72 5.5) (1.16 4.84) (8.64 5.93) (1.41 8.8) (2.76 9.7) (0.02 5.27) (6.17 5.78) (9.68 2.91) (4.53 2.67) (2.69 8.62) (6.61 3.23)
double 36 (4.77 4.6) (6.19 2.03) (0.37 7.59) (1.02 6.59) (5.11 2.67) (2.89 3.22) (2.58 4.98) (0.35 4.34) (7.58 6.72) (1.58 6.63) (5.29 6.33) (8.94 5.34) (6.26 9.14) (0.59 8.33) (1.7 6.61) (0.53 7) (6.49 7.63) (0.25 4.64) (4.36 5.51) (2.94 3.46) (4.45 9.93) (0.79 5.69) (8.75 1.19) (3.27 5.28) (0.5 5.12) (5.95 9.37) (8.45 9.07) (2.93 8.77) (4.83 4.05) (8.59 4.48) (6.48 7.33) (9.97 0.69) (9.83 3.64) (8.86 8.75) (1.33 0.27) (7.19 6)
int 36 (84 55) (27 99) (72 52) (35 68) (83 61) (80 48) (29 81) (96 30) (9 98) (35 85) (68 81) (55 11) (82 24) (9 86) (87 42) (14 40) (23 76) (55 57) (91 61) (53 91) (60 39) (16 66) (73 95) (80 49) (52 27) (18 71) (35 2) (13 4) (31 88) (46 3) (82 94) (74 59) (77 32) (95 6) (79 12) (95 12)
bool 38 (1 1) (0 0) (0 0) (0 1) (1 1) (1 1) (0 1) (1 0) (0 0) (1 1) (1 0) (0 0) (0 1) (0 0) (0 0) (0 0) (1 1) (0 1) (1 1) (0 0) (0 0) (0 0) (1 1) (0 1) (0 0) (0 1) (0 1) (0 1) (0 1) (1 1) (1 1) (1 1) (0 0) (0 1) (0 0) (0 1) (1 0) (1 0)
bool 38 (1 0) (0 0) (0 0) (1 0) (0 0) (1 0) (1 0) (1 1) (0 1) (0 1) (1 0) (1 1) (1 0) (1 1) (1 1) (0 1) (1 1) (0 0) (1 0) (0 0) (0 1) (1 1) (0 0) (0 0) (1 0) (0 0) (1 1) (1 0) (0 0) (1 1) (0 1) (0 0) (1 1) (0 0) (1 0) (0 1) (1 1) (0 1)
double 39 (2.76 5.3) (4.22 1.51) (5.13 6.7) (8.82 8.19) (7.94 5.1) (1.8 0.3) (2.54 2.22) (8.62 8.44) (1.91 1.61) (4.87 7.43) (4.41 6.38) (4.19 1.71) (8.88 2.49) (5.52 2.54) (6.56 7.26) (2.43 4.08) (9.19 0.22) (1.33 1.67) (5.84 4.37) (2.34 9.69) (6.68 3.6) (0.27 9.1) (2.45 9.78) (6.65 8.37) (5.82 0.85) (2.53 1.74) (7.73 6.96) (8.6 5.09) (1.04 4.09) (1.06 7.05) (7.85 7.51) (6.73 6.77) (7.28 1.96) (0.22 5.16) (1.74 7.21) (7.85 9.29) (6.52 1.75) (7.83 6.34) (0.44 5.64)
bool 41 (0 1) (1 1) (0 0) (1 1) (1 0) (0 1) (0 1) (1 1) (1 0) (0 0) (1 1) (1 1) (1 0) (0 1) (1 0) (1 1) (1 0) (1 1) (1 1) (1 0) (0 1) (0 0) (1 1) (0 1) (1 0) (1 0) (1 1) (1 0) (1 1) (0 0) (0 0) (1 0) (1 1) (1 0) (1 1) (0 1) (1 1) (1 1) (0 1) (0 1) (1 1)
char 41 (j n) (e i) (d i) (r j) (a f) (b o) (d e) (k a) (j k) (l c) (c g) (i a) (n q) (c a) (i j) (m h) (d e) (l k) (l c) (e o) (p g) (p c) (t p) (b b) (k p) (r g) (e a) (d l) (p k) (a e) (t e) (h k) (d r) (f n) (d g) (j h) (o p) (o q) (d c) (f i) (d r)
char 42 (f t) (i s) (k d) (e c) (k l) (a g) (d k) (c i) (f g) (i p) (l l) (e o) (p t) (g t) (b t) (m f) (r e) (b g) (h e) (n k) (g g) (t l) (e b) (c b) (r a) (k r) (f f) (e e) (j o) (m a) (j e) (p l) (s q) (s c) (t i) (a a) (a o) (o a) (c j) (d j) (l n) (m o)
char 42 (r m) (r b) (p m) (g s) (h d) (f b) (g l) (p d) (b d) (o t) (r s) (n l) (h o) (t r) (n s) (q h) (g n) (c r) (h s) (h r) (c m) (f p) (o o) (t o) (f c) (b p) (o t) (f o) (h b) (o q) (f k) (k h) (h e) (h l) (g o) (l g) (t e) (e m) (e t) (h t) (j a) (g l)
int 43 (29 19) (3 60) (15 58) (32 41) (79 55) (36 81) (80 23) (18 18) (49 60) (68 45) (63 24) (99 51) (60 78) (24 6) (45 9) (28 18) (43 55) (81 37) (65 20) (20 87) (67 62) (24 24) (94 54) (26 72) (12 68) (91 14) (67 31) (15 35) (52 12) (84 77) (75 53) (82 49) (38 60) (72 84) (28 19) (44 82) (91 46) (6 25) (92 6) (87 81) (20 9) (67 36) (50 97)
int 44 (12 84) (27 12) (59 79) (63 46) (17 44) (45 38) (73 7) (11 65) (18 9) (54 71) (54 25) (13 73) (92 72) (12 75) (88 23) (52 28) (76 28) (23 70) (61 97) (68 45) (29 51) (26 38) (71 16) (21 62) (20 35) (7 14) (12 61) (78 64) (32 64) (55 33) (16 34) (5 89) (70 98) (33 87) (25 30) (9 16) (82 56) (98 36) (42 85) (1 38) (21 34) (64 51) (62 18) (87 26)
char 46 (c a) (p f) (q g) (e q) (a t) (l s) (h o) (s i) (o r) (i r) (c d) (k e) (b j) (r b) (n c) (d m) (c a) (b q) (a l) (e n) (q i) (m l) (t n) (n e) (l g) (e r) (f h) (h o) (c h) (j g) (d t) (m t) (g l) (q k) (s s) (b d) (q d) (o b) (r q) (p o) (a b) (p q) (b n) (j m) (e a) (k b)
double 46 (1.73 5) (6.02 8.23) (3.44 8.74) (5.87 8.12) (4.69 6.81) (3.94 4.11) (6.69 9.43) (6.17 3.86) (3.86 6.75) (7.09 9) (4.09 6.99) (7.46 5.86) (1.87 2.06) (4.87 5.22) (9.92 5.16) (8.96 4.07) (0.93 2.16) (3.88 2.74) (4.46 1.8) (2.72 6.68) (3.95 4.67) (6.26 6.33) (3.53 3.59) (5.26 8.58) (6.58 5.65) (2.7 5.11) (2.56 7.74) (7.16 6.33) (4.2 2.94) (8.93 0.43) (0.82 5.99) (4.7 8.18) (9.37 1.14) (1.6 8.17) (2.6 9.36) (2.64 3.15) (2.22 0.77) (4.92 6.66) (2.25 1.16) (7.55 8.57) (4.9 3.26) (0.43 8.31) (9.51 5.69) (6.84 2.09) (4.8 0.05) (1.15 1.88)
bool 46 (1 0) (0 1) (1 1) (1 0) (0 1) (0 1) (1 0) (1 0) (1 1) (0 0) (0 0) (0 1) (0 1) (0 0) (1 0) (0 1) (1 1) (1 1) (1 1) (0 1) (1 0) (1 1) (1 1) (0 0) (0 0) (1 1) (1 0) (1 1) (1 0) (1 1) (1 0) (0 1) (0 1) (1 0) (1 0) (0 0) (0 1) (0 0) (1 1) (0 0) (0 0) (0 0) (0 1) (0 0) (0 1) (1 1)
double 47 (9.66 0.39) (0.74 0.93) (5.77 0.58) (6.94 6.24) (9.95 1.93) (6.32 6.2) (9.57 9.07) (8.32 3.43) (9.97 3.07) (6.68 4.67) (1.17 8.5) (3.92 8.31) (4.66 1.82) (0.91 8.44) (5.46 3.95) (1.52 5.96) (4.64 9.12) (6.94 3.94) (6.84 2.57) (5.58 7.43) (9.59 5.8) (4.93 4.44) (0.39 3.92) (6.95 2.63) (5.98 5.33) (1.27 1.1) (1.77 0.23) (1.45 6.58) (1.23 6.11) (1.16 3.52) (0.91 6.02) (3.08 9.29) (5.12 2.07) (2.08 0.73) (3.97 9.08) (0.67 9.74) (4.29 1.66) (6.88 8.97) (8.39 1.24) (0.12 3.78) (4.94 5.83) (9.94 8.84) (5.03 0.41) (9.08 5.73) (3.99 0.28) (0.56 8.4) (9.13 6.14)
double 48 (1.39 2.74) (9.34 9.69) (4.61 5.32) (9.48 6.99) (6.64 3.65) (9.51 2.97) (8.91 5.31) (0.96 2.29) (9.91 9.96) (5.23 5.73) (1.48 8.19) (3.35 4.01) (3.44 3.65) (3.13 3.23) (4.22 8.77) (6.28 4.53) (2.89 4.96) (8.33 9.68) (3.19 1.6) (7.32 4) (0.02 8.59) (6.11 3.13) (8.13 9.09) (2 7.33) (7.91 7.21) (4.12 5.24) (1.48 8.37) (9.51 4.77) (5.05 3.36) (1.48 1.77) (8.47 3.36) (8.74 1.7) (2.43 1.94) (2.79 1.98) (9.59 4.74) (7.02 7.51) (4.36 6.28) (5.47 9.57) (0.09 3.9) (7.39 9.1) (6.88 5.59) (2.6 2.5) (3.84 9.34) (0.78 2.72) (3.72 6.33) (0.39 9.28) (3.33 4.4) (3.12 4.18)
bool 49 (1 0) (1 0) (0 0) (1 1) (1 1) (1 0) (0 0) (0 0) (1 0) (0 1) (1 1) (0 1) (0 0) (0 0) (0 0) (1 1) (0 0) (0 0) (1 1) (1 0) (0 1) (1 0) (1 0) (0 0) (1 1) (1 0) (1 0) (0 0) (0 1) (0 0) (0 0) (1 1) (0 1) (1 1) (1 1) (1 1) (0 0) (0 0) (0 1) (1 0) (1 1) (0 1) (1 1) (0 0) (1 0) (1 0) (1 1) (1 0) (1 0)
bool 50 (1 0) (1 0) (0 1) (1 0) (0 1) (0 1) (0 0) (1 0) (0 1) (1 0) (0 0) (0 1) (0 0) (0 0) (0 0) (1 0) (0 1) (0 1) (0 0) (1 1) (0 1) (1 0) (1 0) (0 1) (1 0) (0 1) (1 0) (1 1) (0 1) (0 1) (1 0) (1 1) (1 1) (0 1) (0 1) (0 0) (0 1) (1 1) (0 1) (0 0) (0 0) (1 1) (0 1) (1 0) (0 0) (0 1) (0 1) (1 0) (1 0) (0 0)
double 52 (7.5 2.15) (3.51 5.73) (1.06 8.07) (5.11 5.03) (2.61 6.28) (5.2 4.2) (6.53 1.35) (7.98 9.56) (3.57 1.82) (0.87 7.75) (5.61 5.87) (6.39 9.23) (2.84 4.19) (4.62 8.77) (0.45 8.78) (8.78 0.32) (2.58 9.55) (4.8 1.27) (5.12 7.33) (0.42 9) (0.66 8.69) (1.76 4.9) (9.79 7.63) (2.9 7.46) (0.65 6.44) (4.79 7.57) (0.95 5.03) (3.62 2.31) (6.9 7.79) (1.51 4.92) (4.05 9.91) (4.04 5.39) (2.44 9.54) (7.95 2.57) (4.36 1.21) (7.88 1.9) (3.84 7.46) (0.35 7.42) (1.62 6.99) (6.13 8.78) (4.58 1.08) (2.98 8.37) (0.65 1.76) (2.61 0.55) (3.34 1.29) (8.68 1.3) (0.81 9.54) (2.45 5.81) (6.31 7.66) (9.61 4.12) (7.44 8.25) (4.59 3.71)
int 53 (27 87) (40 98) (57 79) (69 84) (62 78) (31 2) (27 46) (38 51) (27 38) (2 41) (44 50) (58 78) (22 1) (77 6) (46 16) (17 99) (41 14) (47 41) (35 59) (86 30) (62 49) (36 60) (11 95) (98 84) (72 8) (73 30) (1 52) (71 13) (28 8) (47 54) (86 68) (35 54) (69 78) (88 60) (73 5) (86 91) (57 28) (74 15) (18 56) (72 8) (7 3) (23 80) (18 80) (89 54) (78 46) (96 81) (25 71) (54 62) (43 92) (46 11) (64 74) (15 61) (42 85)
double 54 (0.74 8.58) (1.03 9.88) (2.69 0.54) (6.42 8.31) (0.05 3.12) (7.95 8.8) (1.71 6.85) (4.91 5.99) (7.28 4.67) (0.21 2.5) (1.16 4.28) (3.53 3.4) (4.34 2.52) (2.18 9.49) (0.27 6.23) (6.76 4.47) (7.73 4.13) (7.56 6.25) (9.87 2.84) (7.08 5.19) (1.29 2.71) (5.06 9.18) (8 7.53) (6.06 2.69) (5.09 1.52) (5.26 1.05) (6.75 2.55) (1.55 2.55) (1.26 0.98) (8.66 9.63) (7.7 6.23) (4.68 8.77) (6.77 8.83) (6.76 9.97) (9.81 0.48) (6.38 2.74) (6.75 2.24) (0.37 0.98) (3.86 7.22) (5.68 0.57) (0.25 1.3) (5.3 8.84) (1.68 8.82) (1.33 9.2) (8.92 3.16) (0.32 6.91) (3.1 5.78) (9.87 3.76) (4.79 9.17) (9.55 2.81) (2.58 7.78) (2.75 8.58) (4.05 5.49) (2.03 7.41)
char 55 (c g) (g n) (i d) (a f) (r f) (c r) (i i) (a h) (s k) (s i) (d b) (j e) (n i) (g o) (n m) (j n) (q a) (t j) (a k) (a c) (a n) (h h) (p c) (q j) (f i) (e i) (s i) (e s) (l r) (h k) (h s) (r j) (t j) (p r) (k s) (k d) (h a) (s s) (s e) (g c) (o d) (l e) (f j) (t b) (d c) (g a) (d j) (d i) (b j) (p n) (c j) (a b) (r g) (g i) (k f)
double 58 (8.85 0.32) (6.18 3.78) (9.76 6.75) (3.32 1.36) (8.04 0.76) (9.45 9.62) (7.43 2.51) (1.19 9.45) (9.74 7.83) (5.16 7.87) (9.38 2.63) (8.94 2.9) (3.88 1.95) (4.36 3.01) (5.67 5.95) (1.3 3.7) (2.18 2.54) (9.98 7.36) (5.24 1.75) (5.21 5.09) (9.19 6.84) (9.17 3.95) (5.93 7.44) (7.44 7.65) (5.31 6.01) (4.75 7.97) (5.24 8.92) (2.07 5.55) (1.74 8.29) (8.86 0.19) (4.78 7.73) (7.71 4.4) (6.26 7.53) (5.86 1.26) (2.99 7.06) (1.79 2.99) (6.55 7.53) (8.21 9.68) (3.33 3.21) (7.39 1.02) (4.76 8.41) (4.17 0.44) (7.5 5.12) (2.92 4.63) (9.62 6.45) (5.74 0.52) (0.54 3.65) (6.61 4.13) (1.56 8.62) (9.03 0.21) (8.16 5.88) (9.35 9.22) (9.05 0.76) (4.03 3.49) (8.44 2.87) (4.19 6.37) (4.6 8.26) (5.99 3.3)
double 59 (7.77 1.87) (2.11 2) (2.65 7.56) (9.22 2.36) (6.89 6.63) (1.95 4.74) (9.17 5.09) (4.19 9.62) (3.69 2.11) (6.86 4.37) (8.62 8.17) (2.61 9.58) (7.39 7.31) (5.9 0.38) (9.38 6.58) (3.99 4.25) (4.7 8.48) (7.35 9.62) (8.71 5.71) (1.73 7.09) (5.68 5.55) (5.08 2.17) (2.79 1.73) (4.9 4.28) (6.07 1.13) (9.63 0.4) (6.6 1.4) (7.06 9.59) (8.56 5.53) (3.09 1.78) (5.06 9.55) (3.47 7.23) (6.12 6.96) (7.93 3.53) (8.44 7.47) (6.06 9.75) (5.96 6.05) (4.15 3.78) (5.3 4.81) (5.53 4.91) (5.96 4.59) (4.4 5.1) (2.2 2.38) (6.12 1.87) (4.6 9.48) (3.64 9.57) (0.71 9.44) (8.47 8.46) (5.69 9.78) (7.15 0.33) (5.05 7.2) (1.07 7.67) (4.68 6.97) (8.89 8.69) (9.2 8.07) (3.95 4.34) (9.13 7.02) (3.21 8.4) (6.61 6.51)
double 59 (1.9 0.56) (4.54 0.09) (2.79 6.08) (5.78 8.67) (5.54 6.79) (2.51 1.36) (2.77 2.99) (7.42 2.86) (4.47 7.6) (1.09 8.43) (3.93 8.31) (4.11 2.62) (8.43 2.53) (9.4 9.79) (7.49 9.3) (2.14 9.8) (1.19 4.55) (1.98 4.56) (5.56 3.88) (9.6 2.86) (4.71 1.74) (0.3 1.25) (5.21 6.52) (3.74 7.43) (4.93 4.98) (3 8.51) (0.14 9.75) (4.71 5.25) (0.97 4.21) (4.29 7.18) (5.09 4.79) (8.38 4.92) (4.65 0.82) (0.04 6.24) (6.62 4.79) (3.55 8.34) (9.35 5.88) (1.7 3.84) (4.54 3.33) (0.89 3.73) (9.19 5.92) (3.98 0.4) (8.25 2.27) (7.92 3.03) (1.19 6.17) (2.67 5.44) (0.26 1.38) (9.86 2.93) (9.75 3.25) (2.08 8.94) (5.65 0.77) (2.32 8.78) (8.47 6.15) (7.84 4.09) (0.15 5.16) (1.77 2.06) (1.79 2.02) (7.26 6.13) (1.46 3.02)
double 60 (3.22 3.92) (2.41 1.25) (2.01 6.22) (1.93 5.1) (7.25 3.59) (8.19 9.12) (8.15 4.6) (6.37 7.79) (6.83 9.04) (5.86 6.09) (3.3 2.58) (0.41 4.1) (5.83 8.07) (7.65 0.55) (9.41 6.54) (1.12 4.92) (3.85 7.87) (9.99 4.26) (6.66 1.19) (7.09 7.34) (0.77 2.91) (2.17 6.09) (1.13 9.7) (9.75 9.19) (8.25 9.94) (2.34 8.58) (3.86 3.04) (2.1 1.69) (9.47 1.31) (1.75 5.74) (1.56 9.88) (9.74 4.33) (7.44 5.77) (4.58 4.8) (3.63 3.96) (6.84 0.15) (4.92 8.26) (7.14 5.77) (5.74 2.89) (5.58 7.19) (7.3 8.66) (0.7 6.28) (4.49 3.3) (3.59 0.31) (1.4 5.82) (9.46 2.56) (1.65 3.66) (1.61 5.4) (2.29 6.12) (0.28 7.27) (1.25 9.13) (8.35 2.3) (9.4 8.71) (3.71 0.28) (3.31 9.04) (0.32 4.06) (4.36 2.92) (2.39 9.39) (7.59 7.04) (5.7 3.94)
double 61 (1.39 7.03) (3.89 1.57) (4.33 7.85) (8.84 1.42) (7.68 6.48) (1.18 0.52) (9.88 4.33) (3.09 5.77) (0.93 7.55) (3.78 3.57) (6.14 1.34) (1.88 9.57) (8.16 4.92) (4.07 3.01) (5.7 1.79) (2.95 8.56) (7.71 6.46) (8.54 2.09) (9.04 3.77) (4.92 8.74) (0.98 9.61) (0.02 0.94) (5.44 1.33) (9.13 6.73) (1.68 1.81) (4.18 6.12) (5.54 7.33) (0.19 0.08) (0.95 1.18) (7.9 0.9) (5.56 7.45) (1.53 7.77) (5.63 7.97) (8.34 7.08) (9.05 9.36) (7.18 0.84) (0.82 1.72) (7.4 2.05) (7.88 4.14) (3.81 1.84) (5.55 9.95) (9.29 0.93) (5.27 5.78) (6.28 4.36) (9.02 6.37) (5.85 6.44) (1.34 8.27) (3.44 5.5) (8.6 6.32) (3.69 0.21) (7.56 2.41) (4.07 1.63) (3.49 9.15) (1.56 0.42) (5.17 1.37) (5.9 2.16) (8.68 1.79) (9.61 1.85) (2.89 2.35) (1.57 8.9) (6.61 0.9)
int 61 (20 51) (9 36) (26 21) (61 79) (2 37) (59 5) (94 49) (24 34) (79 17) (33 12) (84 13) (58 23) (59 67) (23 83) (63 10) (55 71) (9 18) (36 36) (21 95) (39 30) (89 24) (31 21) (65 98) (85 59) (33 86) (36 7) (46 74) (12 48) (47 92) (57 16) (44 45) (77 33) (7 5) (17 42) (22 20) (28 82) (91 48) (49 92) (30 19) (23 17) (29 21) (10 42) (47 11) (53 72) (32 94) (49 10) (87 96) (46 69) (18 69) (61 85) (29 53) (54 92) (55 3) (66 65) (67 14) (35 6) (31 47) (99 28) (4 91) (7 16) (36 77)
double 62 (0.11 0.96) (9.27 6.12) (8.03 7.89) (6.02 5.46) (5.68 2.32) (0.6 3.26) (9.82 6.39) (2.65 7.67) (1.65 9.56) (2.38 7.81) (5.98 3.27) (3.17 6.69) (4.2 5.1) (3.01 2.35) (4.52 1.7) (7.9 0.13) (8.06 7.61) (8.92 3.82) (7.56 2.02) (6.26 5.69) (1.5 1.7) (7.97 9.4) (8.47 3.41) (4.49 9.4) (6 3.67) (8.46 7.76) (1.57 1.1) (3.71 4.83) (2.03 0.46) (5.23 9.36) (1.26 4.14) (6.4 7.27) (1.02 5.69) (0.72 0.72) (2.66 6.47) (1.79 8.2) (8.31 2.27) (3.98 4.41) (9.97 4.58) (4.03 0.99) (6.04 7.2) (9.12 8.47) (3.87 1.23) (1.95 8.64) (6.49 8.9) (3.83 0.84) (1.12 6.66) (8.69 9.72) (2.48 5.48) (0.01 1.48) (1.44 1.81) (1.11 5.88) (2.65 6.95) (4.8 2.79) (2.75 0.14) (7.73 1.35) (4.87 9.44) (3.13 3.87) (5.06 9.94) (3.11 7.2) (1.43 8.87) (0.76 9.97)
double 62 (2.82 6.13) (7.9 9.43) (2.73 4.3) (2.86 1.99) (4.89 7.15) (4.67 2.54) (9.69 0.44) (4.38 7.82) (6.62 5.66) (0.49 2.85) (4.99 8.62) (6.82 3.59) (9.01 5.21) (6.27 0.67) (1.32 8.2) (8.18 9.8) (6.13 8.93) (4.98 9.64) (5.66 7.26) (3.17 1.57) (0.26 7.47) (6.77 4.24) (6.02 7.6) (7.91 5.64) (4.78 8.66) (8.22 2.18) (9.98 2.73) (6.43 5.6) (9.51 0.31) (6.92 8.28) (7.38 9.29) (5.11 1.02) (3.25 2.33) (8.33 2.49) (8.64 9.66) (0.2 2.27) (8.58 9.29) (7.34 6.55) (9.14 9.04) (3.21 2.45) (2.27 8.27) (9.06 7.6) (4.07 4.86) (2.12 0.45) (3.05 6.68) (4.25 5.81) (6.1 0.61) (7.55 7.68) (4.43 6.36) (0.18 1.26) (6.05 5.96) (4.26 7.08) (0.35 3.44) (9.25 9.77) (8.36 9.51) (0.93 1.77) (3.84 0.23) (2.5 6.69) (7.92 9.44) (5.86 1.63) (3.99 3.9) (0.98 0.53)
bool 62 (0 1) (1 1) (1 0) (1 1) (0 1) (0 1) (1 1) (1 1) (1 0) (0 1) (0 1) (1 0) (0 0) (0 1) (1 0) (0 0) (0 0) (1 1) (1 0) (1 1) (0 0) (1 0) (1 0) (1 0) (0 1) (1 0) (0 1) (1 1) (0 1) (1 0) (0 1) (1 0) (1 1) (1 1) (0 0) (1 0) (0 1) (1 1) (1 0) (1 1) (1 1) (1 0) (1 0) (0 0) (0 0) (1 0) (1 0) (1 1) (1 0) (0 1) (1 1) (0 1) (1 0) (1 1) (0 1) (1 1) (0 0) (0 0) (0 1) (1 1) (1 0) (0 1)
int 64 (92 2) (17 11) (67 14) (4 69) (9 65) (20 8) (63 74) (81 64) (46 81) (6 46) (12 71) (62 40) (40 92) (18 56) (55 40) (34 58) (85 12) (42 81) (46 94) (79 5) (3 81) (73 24) (71 42) (40 59) (42 83) (8 88) (62 86) (84 68) (69 94) (17 30) (7 26) (39 45) (37 57) (61 82) (67 34) (94 41) (24 39) (46 73) (48 89) (56 55) (4 50) (19 98) (97 10) (26 99) (4 74) (55 20) (68 49) (62 64) (90 61) (34 11) (72 53) (90 40) (32 23) (52 9) (94 86) (90 55) (12 66) (58 80) (30 47) (15 41) (94 13) (17 92) (55 88) (84 71)
int 64 (31 15) (99 11) (91 57) (42 80) (61 65) (70 30) (58 10) (96 76) (45 54) (26 40) (12 19) (46 88) (77 76) (13 49) (55 57) (18 15) (79 72) (42 51) (48 75) (46 66) (5 61) (78 40) (61 58) (53 78) (27 16) (71 30) (5 79) (30 61) (19 53) (95 64) (20 90) (16 34) (43 99) (37 3) (77 15) (93 1) (70 42) (25 19) (55 10) (58 22) (62 16) (55 23) (16 94) (67 68) (8 7) (66 24) (20 32) (9 30) (9 10) (69 59) (54 16) (93 82) (54 7) (29 96) (77 79) (97 17) (65 44) (13 53) (55 23) (58 33) (37 52) (47 11) (7 44) (87 80)
int 66 (54 78) (48 12) (42 17) (56 85) (98 62) (2 48) (98 34) (64 95) (12 38) (3 77) (57 26) (67 69) (99 85) (50 98) (75 78) (7 14) (95 75) (89 40) (54 47) (18 7) (32 33) (38 63) (79 79) (79 66) (28 46) (68 9) (67 34) (18 43) (78 40) (81 9) (51 51) (40 58) (96 59) (11 29) (58 41) (84 70) (81 5) (10 65) (26 29) (95 36) (4 87) (29 33) (60 57) (99 89) (53 93) (48 22) (19 61) (57 71) (60 29) (16 97) (97 36) (1 74) (91 82) (27 40) (41 3) (7 3) (45 69) (10 86) (55 58) (67 89) (16 42) (50 65) (47 46) (73 80) (82 47) (76 57)
char 66 (f b) (m j) (p b) (l n) (r q) (b e) (k g) (a d) (j b) (n f) (p d) (o n) (l d) (l t) (m s) (l q) (s p) (j s) (k e) (l p) (t c) (k t) (c r) (f p) (f f) (h f) (p i) (s d) (c h) (e a) (k p) (h n) (n l) (m b) (k l) (f i) (o q) (r d) (b g) (t c) (h i) (s f) (q g) (i h) (k k) (q n) (d b) (i i) (s a) (k b) (f o) (t f) (s s) (b c) (c k) (s t) (l d) (r f) (s p) (s e) (i i) (e b) (d i) (c j) (r f) (s p)
int 67 (67 8) (99 37) (57 68) (21 60) (4 33) (37 84) (66 32) (54 95) (56 54) (73 57) (3 75) (25 19) (20 98) (2 54) (91 66) (69 55) (74 25) (53 23) (37 19) (13 91) (59 49) (75 53) (89 50) (66 54) (48 18) (54 95) (12 89) (25 87) (72 94) (92 4) (26 32) (73 24) (54 50) (23 88) (24 97) (93 11) (56 34) (50 30) (82 42) (87 89) (19 25) (33 72) (23 68) (14 71) (25 63) (68 9) (33 54) (5 77) (67 60) (6 80) (44 15) (7 47) (24 60) (39 7) (77 98) (80 9) (15 45) (89 84) (91 73) (63 80) (83 54) (90 15) (84 61) (32 77) (25 2) (97 50) (27 70)
char 68 (o h) (r k) (k k) (m f) (f p) (l b) (t n) (n i) (o d) (m f) (n e) (k f) (b q) (o r) (g g) (n c) (r t) (c k) (o p) (i i) (s g) (e i) (a r) (s l) (n f) (n g) (p b) (k m) (p p) (n m) (d m) (b l) (r e) (o r) (d e) (r j) (e m) (d l) (j o) (m n) (g s) (c m) (h k) (m n) (r q) (g h) (e o) (j h) (n d) (h r) (h j) (i r) (f o) (j t) (h s) (o s) (o t) (d g) (t j) (g p) (n a) (o a) (q s) (o k) (a d) (m r) (o c) (i s)
char 68 (k k) (r m) (b d) (g n) (n g) (e j) (f q) (p k) (g t) (g t) (e e) (a r) (h k) (j k) (r j) (n n) (e h) (l l) (a t) (p c) (c s) (a q) (s b) (n c) (t b) (i t) (c b) (n c) (t j) (d c) (b h) (r r) (b j) (g q) (g g) (f k) (c o) (t a) (f j) (s q) (n a) (i t) (p c) (p r) (p r) (q i) (j b) (j k) (o e) (f g) (t d) (r g) (d i) (j n) (b q) (i n) (p c) (g s) (f f) (i l) (p i) (e o) (d g) (e k) (t e) (l e) (g g) (a l)
char 69 (n g) (f j) (g e) (h m) (i l) (b c) (l q) (t n) (l p) (p b) (f m) (q r) (q h) (t t) (e s) (j s) (j q) (f n) (l f) (k r) (a g) (s l) (o d) (b a) (g p) (g i) (s c) (a c) (d i) (d a) (a s) (k d) (i a) (f n) (g q) (p p) (g p) (f q) (d l) (i i) (r h) (l o) (p g) (c l) (h p) (g m) (j h) (j h) (p q) (e d) (l n) (n g) (d b) (t p) (n f) (i q) (s r) (h o) (p f) (m i) (g b) (m a) (t h) (a q) (m d) (s g) (m h) (k f) (a h)
int 69 (10 11) (90 54) (5 20) (77 64) (89 83) (30 74) (84 19) (93 78) (63 86) (52 27) (69 38) (90 8) (15 40) (93 70) (5 71) (38 83) (60 70) (84 48) (68 52) (20 46) (57 66) (68 7) (30 56) (80 23) (3 42) (86 45) (16 47) (92 85) (44 55) (52 34) (7 20) (3 23) (30 77) (70 8) (6 21) (61 96) (69 42) (99 27) (37 86) (12 98) (84 52) (24 19) (58 21) (43 29) (3 5) (90 70) (63 76) (82 13) (50 60) (41 4) (19 26) (45 29) (22 76) (22 45) (72 76) (94 43) (81 11) (66 15) (1 88) (36 10) (49 17) (42 66) (78 37) (95 35) (3 85) (54 36) (91 88) (40 37) (66 86)
int 70 (80 3) (22 82) (8 50) (87 3) (75 70) (18 99) (66 79) (64 23) (15 30) (39 4) (48 7) (46 96) (84 96) (6 96) (83 86) (16 61) (90 68) (51 77) (66 4) (51 53) (75 76) (76 44) (26 34) (17 79) (60 72) (84 79) (65 41) (6 10) (51 5) (69 30) (73 18) (5 87) (93 98) (3 8) (38 10) (47 93) (51 22) (59 7) (55 82) (82 83) (59 73) (61 12) (60 26) (62 66) (3 64) (95 69) (56 41) (4 16) (37 85) (92 48) (39 10) (69 56) (80 74) (52 71) (50 18) (78 30) (62 78) (69 69) (12 89) (68 73) (5 90) (48 44) (79 20) (23 2) (60 3) (19 54) (81 96) (22 32) (89 81) (92 61)
double 71 (2.03 6.93) (0.29 3.89) (6.21 0.97) (6.34 9.76) (9.35 7.24) (4.54 7.72) (4.85 2.16) (3.86 3.13) (8.17 6.86) (4.68 8.99) (8.46 3.72) (6.63 8.79) (8.75 4.12) (2.91 7.28) (7.72 5.48) (7.77 0.25) (7.12 0.5) (4.56 0.34) (4.63 0.8) (1.22 4.14) (1.38 9.95) (6.95 3.45) (0.25 2.4) (2.92 6.67) (0.2 3.76) (1.52 9.07) (7.64 1.89) (8.58 1.21) (1.41 4.78) (8.5 3.44) (6.49 7.33) (4.27 8.16) (4.66 8.67) (1.06 8.39) (2.66 8.8) (6.02 7.54) (2.38 4.59) (2.27 4.88) (0.95 0.96) (6.49 4.57) (9.25 6.86) (5.15 2.04) (2.65 0.15) (5.26 4.16) (1 1.24) (9.05 0.41) (6.79 7.45) (3.58 6.76) (6.31 3.17) (6.65 9.55) (2.9 3.69) (7.6 7.03) (1.74 9.43) (4.71 7.76) (4.68 9.64) (6.48 2.82) (9.59 1.13) (8.03 3.79) (6.86 6.34) (9.85 0.68) (4.14 6.76) (6.31 6.31) (5.95 3.53) (4.32 0.6) (9.39 1.17) (8.87 6.91) (8.27 7.96) (5.96 9.42) (6.63 7.51) (0.55 3.24) (1.8 2.36)
char 73 (m h) (k f) (m d) (s a) (e j) (j j) (o t) (s l) (m m) (n i) (f n) (r b) (k r) (p a) (s o) (l d) (e i) (q j) (l k) (m k) (t m) (f t) (s p) (m m) (n e) (t b) (i d) (d o) (r f) (d m) (i i) (r k) (j f) (g h) (j s) (t p) (p h) (p q) (k k) (g j) (n l) (i i) (g e) (b d) (b a) (j h) (i f) (s b) (t e) (j t) (k p) (c p) (m l) (n h) (l b) (l f) (k o) (l m) (r k) (n g) (s q) (e k) (m p) (s n) (p f) (c t) (i q) (p t) (k o) (i o) (p e) (j r) (g k)
bool 76 (0 0) (0 0) (0 0) (0 0) (1 0) (1 0) (1 1) (0 0) (0 1) (0 0) (1 0) (1 0) (1 1) (1 0) (1 1) (1 0) (0 0) (1 0) (1 1) (1 0) (0 0) (0 1) (0 0) (1 1) (0 0) (1 1) (1 1) (1 0) (0 0) (1 0) (0 1) (1 1) (1 1) (1 0) (1 1) (1 0) (0 0) (0 1) (0 1) (1 0) (1 0) (1 0) (0 1) (1 0) (0 1) (1 1) (1 1) (0 0) (0 1) (1 1) (0 0) (1 1) (0 0) (1 1) (0 1) (0 0) (0 0) (0 1) (1 0) (0 0) (1 0) (0 1) (1 0) (1 1) (0 1) (1 0) (0 0) (0 0) (0 0) (1 0) (0 0) (1 0) (1 0) (1 1) (0 1) (1 0)
char 76 (a c) (c j) (k p) (i e) (p j) (p o) (g r) (h a) (f p) (t n) (h a) (a d) (p n) (a h) (o s) (e i) (g q) (c i) (n s) (s m) (b a) (p s) (j j) (l l) (t d) (r l) (p t) (r q) (r c) (h f) (a d) (i c) (a c) (o l) (r e) (b o) (a d) (p g) (k n) (h p) (a n) (r q) (i c) (l o) (k h) (o m) (i t) (d l) (j q) (d o) (a r) (l s) (d q) (n i) (p q) (j o) (h r) (l r) (o b) (q b) (m a) (k r) (q g) (b a) (h m) (b o) (b s) (f i) (m f) (i r) (f e) (t q) (c e) (s i) (f c) (f p)
int 79 (15 10) (81 65) (44 63) (37 16) (17 14) (5 44) (33 84) (24 49) (15 19) (64 24) (4 71) (48 53) (74 77) (47 21) (34 17) (21 44) (74 59) (68 78) (57 72) (39 37) (50 39) (35 28) (61 54) (17 85) (58 42) (11 59) (73 38) (50 82) (57 23) (20 65) (4 53) (36 6) (12 44) (7 7) (61 52) (68 9) (39 60) (76 4) (9 54) (56 25) (13 65) (31 39) (22 46) (64 56) (43 53) (4 64) (86 84) (71 70) (96 23) (11 91) (22 4) (97 30) (81 6) (7 32) (72 76) (20 60) (50 91) (25 72) (46 66) (59 47) (3 51) (67 94) (60 90) (71 36) (2 9) (73 60) (82 10) (37 80) (36 55) (99 59) (69 3) (70 92) (38 28) (90 7) (38 52) (27 34) (20 71) (3 82) (72 75)
int 81 (29 39) (30 84) (42 70) (84 48) (76 37) (12 46) (45 71) (41 82) (63 29) (52 22) (87 37) (99 16) (48 73) (57 41) (75 97) (77 72) (98 82) (50 42) (70 13) (3 94) (22 1) (11 58) (86 3) (17 69) (40 67) (41 29) (62 47) (59 63) (18 76) (86 18) (70 83) (60 94) (27 42) (25 60) (42 41) (49 52) (6 42) (28 52) (65 97) (43 96) (25 51) (53 95) (18 95) (51 47) (10 76) (53 82) (32 26) (82 96) (28 71) (73 58) (14 41) (12 45) (36 81) (92 57) (85 78) (75 77) (2 99) (55 99) (24 46) (32 9) (27 13) (26 99) (37 31) (29 46) (70 68) (27 90) (91 62) (86 84) (95 5) (21 80) (2 99) (96 70) (72 52) (77 73) (92 30) (52 74) (66 59) (8 9) (9 44) (71 20) (65 84)
bool 82 (1 1) (1 0) (1 1) (1 1) (0 1) (0 0) (1 0) (0 0) (1 1) (0 0) (0 1) (1 1) (1 1) (1 0) (1 1) (1 1) (1 0) (0 1) (1 1) (1 1) (1 1) (0 0) (0 0) (0 0) (0 0) (0 1) (1 1) (1 0) (1 1) (1 0) (0 1) (1 1) (0 1) (1 0) (1 0) (0 1) (0 1) (1 1) (1 0) (1 1) (0 1) (1 1) (1 1) (1 0) (1 1) (0 1) (0 1) (1 1) (0 1) (0 1) (0 0) (0 1) (0 0) (0 1) (0 0) (1 0) (1 0) (0 0) (1 0) (1 1) (1 0) (0 0) (1 1) (0 0) (1 0) (1 0) (0 0) (1 1) (1 0) (1 1) (1 1) (1 0) (0 1) (1 0) (1 0) (1 0) (0 1) (0 1) (0 1) (1 0) (0 1) (0 0)
double 82 (3.95 8.42) (7.91 4.57) (1.12 3.07) (5.39 7.96) (1.62 9.3) (9.6 6.5) (1.22 5.68) (7.55 3.95) (4.11 8.13) (5.55 2.48) (0.81 1.28) (7.21 1.09) (7.34 1.65) (0.61 9.32) (7.78 4.57) (1.08 9.35) (3.69 4.59) (0.27 5.97) (2.09 6.56) (6.03 5.78) (2.84 1.83) (7.84 2.44) (7.83 1.53) (2.45 4.92) (2.93 5.73) (3.81 4.95) (5.56 4.33) (2.67 3.31) (2.54 8.43) (8.57 9.07) (6.15 5.37) (7 0.54) (2.16 6.84) (2.79 9.53) (4.53 6.45) (0.05 0.95) (9.33 0.57) (1.16 1.38) (8.37 5.15) (8.72 4.67) (9.9 1.79) (0.96 7.05) (6.84 5.04) (5.46 0.18) (0.58 7.51) (1.26 6.9) (7.84 4.63) (6.97 7.02) (8.43 0.54) (5.97 8.06) (0.7 4.33) (9.6 4.6) (3.32 0.92) (9.26 8.91) (1.3 5.65) (1.09 9.51) (6.14 2.79) (7.78 7.46) (0.94 3.19) (7.15 4.8) (1.63 1.05) (5.3 7.81) (0.87 1.67) (9.04 6.9) (7.19 0.71) (9.31 0.56) (9.31 2.99) (1.47 0.68) (3.65 8.54) (7.73 8.38) (7.96 8.24) (2.55 0.25) (8.07 3.48) (2.74 3.59) (0.26 8.77) (7.86 4.14) (9.54 6.54) (1.25 7.82) (5.66 5.92) (1.05 4.29) (8.46 7.87) (4.88 0.01)
char 82 (a h) (r t) (t o) (d q) (s c) (d g) (p g) (p e) (b d) (s t) (j m) (b k) (n a) (m e) (n h) (b q) (c a) (n g) (h i) (i f) (q m) (r i) (g j) (m q) (b s) (g n) (b j) (i k) (s k) (c s) (s i) (f m) (a b) (l h) (l i) (g f) (a n) (j k) (h k) (k g) (h q) (j o) (s q) (a n) (g q) (b m) (c e) (e k) (o d) (d e) (f d) (g f) (s e) (i e) (i m) (p s) (s d) (s q) (l o) (q m) (m a) (f c) (g o) (p h) (n e) (f j) (a q) (l t) (q h) (t b) (q a) (d f) (c h) (q s) (c n) (a b) (j t) (h d) (d h) (o k) (g c) (d d)
int 83 (73 29) (84 13) (28 82) (92 31) (23 64) (30 51) (86 80) (52 18) (31 67) (65 55) (6 35) (41 55) (23 21) (69 59) (22 37) (55 38) (3 18) (28 5) (46 77) (18 53) (39 9) (91 40) (36 48) (43 74) (15 26) (64 88) (49 96) (96 95) (94 73) (41 8) (71 57) (41 37) (50 51) (48 29) (69 46) (20 67) (1 72) (49 18) (69 73) (70 79) (75 46) (89 11) (22 7) (41 6) (68 81) (86 39) (16 42) (45 5) (40 66) (31 69) (58 18) (20 72) (77 12) (38 12) (97 60) (37 11) (81 12) (54 46) (43 49) (64 91) (23 12) (69 79) (25 20) (12 97) (16 58) (14 38) (12 75) (58 38) (61 6) (88 49) (87 66) (88 63) (79 30) (32 54) (9 45) (55 27) (94 98) (3 70) (88 18) (11 87) (66 8) (87 95) (55 71)
bool 86 (0 0) (0 1) (1 1) (0 0) (1 1) (1 0) (0 0) (0 0) (0 1) (0 0) (0 1) (0 1) (0 0) (0 1) (1 1) (1 0) (1 0) (1 0) (1 1) (0 0) (0 1) (1 0) (0 0) (0 1) (1 0) (0 1) (0 1) (0 0) (0 1) (0 1) (0 1) (1 1) (1 0) (0 0) (1 0) (0 0) (1 1) (1 0) (1 0) (0 1) (0 0) (1 0) (0 1) (0 1) (1 0) (0 0) (1 1) (0 0) (1 0) (0 1) (0 0) (0 1) (0 0) (1 0) (0 1) (0 0) (1 1) (1 0) (0 0) (1 0) (0 1) (1 1) (0 1) (0 0) (1 1) (0 1) (0 1) (1 1) (1 1) (1 0) (0 1) (0 0) (0 1) (0 1) (0 1) (1 0) (1 1) (0 1) (0 1) (1 1) (0 0) (1 0) (0 1) (0 0) (0 0) (1 1)
bool 87 (0 1) (1 0) (1 1) (1 1) (1 0) (1 0) (1 0) (1 0) (0 1) (1 1) (1 0) (1 1) (1 1) (0 1) (1 0) (0 1) (0 0) (1 0) (0 0) (1 1) (1 1) (1 1) (1 1) (1 0) (0 0) (0 0) (1 0) (1 0) (0 1) (0 0) (0 0) (0 0) (0 1) (1 1) (1 0) (1 1) (1 1) (0 1) (1 0) (1 1) (0 0) (0 0) (1 0) (0 1) (1 1) (1 1) (1 1) (0 0) (1 1) (0 1) (1 0) (0 0) (0 0) (1 0) (1 1) (0 0) (0 0) (1 0) (0 0) (1 1) (1 1) (0 0) (1 0) (1 1) (1 0) (0 1) (0 1) (1 0) (0 0) (0 1) (1 1) (1 0) (0 1) (1 0) (1 0) (0 1) (0 0) (1 1) (1 0) (1 0) (1 1) (0 0) (0 1) (0 0) (1 1) (1 0) (0 0)
double 89 (2 5.67) (0.3 7.33) (9.51 9.42) (6.38 0.84) (8.06 7.21) (9.95 5.79) (9.79 5.5) (2.74 7.2) (5.54 2.2) (9.54 5.27) (3.05 5.66) (7.66 2.44) (0.69 0.16) (7.78 8.85) (7.5 8.88) (4.42 1.04) (1.76 1.66) (7.44 6.54) (6.11 9.6) (2.89 7.1) (5.8 9.05) (1.57 3.67) (8.51 7.42) (6.78 7.58) (9.14 5) (3.59 1.64) (0.68 5.5) (7.16 2.75) (0.85 2.13) (1.36 0.68) (2.6 6.73) (2.74 8.78) (0.47 9.17) (8.44 5.06) (8.27 2.67) (8.85 1.97) (1.59 4.02) (2.98 3.88) (1.11 3.03) (5.91 7.55) (0.24 8) (0.21 5.63) (7.49 8.32) (3.59 4.69) (9.29 3.4) (4.02 8.53) (9.61 6.64) (4.22 0.2) (1.95 8.03) (7.8 7.6) (7.94 7.26) (4 2) (7.97 9.52) (7.02 4.24) (8.05 6.18) (9.48 8.56) (7.38 4.62) (9.03 3.48) (9.14 5.3) (0.95 6.78) (2.34 9.14) (3.64 1.61) (8.93 4.6) (5.1 7.04) (1.29 7.05) (8.56 0.75) (4.89 9.89) (5.78 1.03) (5.68 9.31) (5.69 0.11) (9.43 9.16) (2.62 9.14) (1.22 0.21) (9.57 2.95) (9.21 9.84) (8.15 6.51) (7.43 0.5) (7.33 2.35) (6.39 4.37) (5.31 7.6) (6.81 7.43) (5 1.42) (3.43 4.29) (2.19 7.52) (7.39 6.71) (2.6 7.32) (8.59 6.14) (5 6.77) (8.43 7.93)
bool 89 (0 0) (1 1) (1 1) (0 1) (1 0) (0 1) (0 1) (1 1) (0 0) (0 1) (0 1) (1 0) (0 0) (1 1) (0 1) (0 1) (1 1) (0 0) (1 1) (0 1) (0 0) (1 1) (1 0) (0 0) (1 0) (1 0) (1 1) (0 1) (0 1) (1 1) (0 1) (1 0) (0 0) (1 0) (1 1) (1 0) (0 0) (0 0) (0 0) (0 0) (0 1) (1 1) (0 1) (1 1) (0 1) (0 1) (0 0) (1 0) (0 1) (1 0) (1 0) (1 0) (0 1) (1 0) (0 1) (0 0) (0 1) (0 0) (1 0) (0 1) (1 1) (1 1) (1 1) (0 0) (1 1) (0 1) (0 0) (0 1) (1 0) (0 0) (1 0) (1 0) (0 1) (0 1) (0 1) (0 0) (0 0) (1 1) (0 1) (1 1) (0 0) (1 1) (1 0) (1 0) (0 1) (1 1) (0 0) (1 1) (1 1)
char 90 (n j) (d j) (s s) (f g) (b b) (s l) (b d) (j s) (o e) (m s) (r q) (q a) (j r) (n l) (q m) (l p) (n b) (n k) (m r) (k i) (o f) (r a) (m g) (o m) (s k) (n r) (g o) (f l) (e d) (c l) (f b) (g g) (b n) (k h) (q a) (o p) (h d) (g o) (h j) (i m) (m c) (t d) (c c) (c i) (g s) (q p) (t b) (n c) (k t) (l o) (e q) (i h) (g d) (m a) (f i) (m t) (f c) (m b) (p m) (q b) (k m) (o p) (i p) (p i) (n g) (i k) (g k) (k f) (t i) (s a) (k p) (j c) (d q) (p m) (g e) (h g) (h f) (s k) (c t) (l t) (j t) (c f) (c r) (h h) (m g) (p l) (q i) (l e) (i l) (c e)
int 90 (88 4) (71 99) (87 65) (59 14) (95 20) (92 16) (9 79) (39 18) (49 18) (15 27) (86 96) (65 48) (31 97) (41 22) (69 19) (23 77) (38 52) (97 81) (11 26) (23 44) (80 36) (6 56) (42 31) (85 42) (84 88) (14 56) (16 82) (96 40) (78 32) (7 24) (23 32) (35 42) (75 28) (83 90) (87 51) (54 74) (1 68) (50 6) (85 42) (87 25) (30 63) (13 23) (21 39) (46 29) (81 3) (35 8) (86 94) (16 5) (87 33) (6 40) (41 36) (87 55) (9 68) (27 93) (27 29) (45 77) (92 20) (21 35) (97 57) (46 13) (56 47) (80 33) (27 57) (2 8) (76 22) (91 51) (26 19) (9 25) (98 22) (30 77) (10 15) (80 89) (24 87) (17 94) (4 62) (5 30) (34 99) (2 53) (36 9) (42 63) (84 43) (34 11) (92 27) (5 54) (21 24) (49 68) (46 88) (40 24) (73 22) (33 32)
char 91 (s a) (k n) (o j) (k a) (b c) (c h) (p s) (e o) (s j) (n q) (f i) (p e) (a b) (p q) (n k) (n f) (h j) (s l) (h b) (s c) (b e) (s c) (h o) (b j) (s t) (f p) (l k) (j h) (o h) (r o) (b r) (l k) (f o) (l h) (e i) (s t) (d o) (j q) (i d) (g c) (a q) (h t) (l m) (d i) (l k) (t g) (m f) (r t) (e r) (r o) (q d) (b c) (n d) (t r) (i m) (m i) (r g) (c n) (c p) (n b) (i g) (o d) (p g) (c l) (o j) (q r) (h k) (h j) (p k) (l s) (s b) (r d) (n r) (a h) (o p) (n e) (j f) (h f) (f a) (q l) (t g) (e q) (m e) (o b) (g r) (j o) (p l) (r l) (t c) (d k) (h h)
double 92 (0.16 6.34) (8.76 9.28) (9.9 9.99) (0.19 7.28) (7.61 5.62) (1.82 3.44) (3.05 2.55) (9.33 8.99) (7.45 9.43) (3.8 8.55) (5.83 8.17) (3.08 0.95) (4.48 2.89) (5.55 3.18) (7.44 0.18) (1.91 8.88) (4.03 9.58) (0.66 4.26) (1.57 5.19) (6.4 3.97) (2.83 2.03) (7.73 0.23) (3.29 7.92) (3.65 1.04) (1.03 4.9) (1.64 8.01) (9.58 8.43) (2.7 4.89) (9.77 9.3) (0.51 9.82) (7.4 6.13) (2.51 1.44) (8.5 2.28) (6.4 7.34) (7.13 2.24) (9.21 3.73) (6.46 1.65) (2.62 2.57) (1.92 2.23) (8.12 1.18) (4.84 9.91) (5.95 7.85) (5.57 7.86) (0.63 2.38) (8.19 6.14) (5.62 7.6) (8.58 4.91) (6.7 3.8) (0.2 3.94) (0.82 0.68) (8.67 3.98) (5.48 8.65) (5.43 2.93) (8.65 9.81) (6.89 1.24) (8.58 9.69) (0.03 3.78) (9.23 1.78) (7.67 8.2) (8.24 3.97) (0.33 9.53) (8.78 2.26) (9.72 3.16) (5.59 8.11) (8.22 2.55) (3.96 8.4) (8.16 2.52) (0.28 3.07) (3.93 1.13) (6.64 8.33) (8.96 9.31) (5.43 1.22) (7.19 7.8) (6.55 8.26) (1.8 0.25) (6.06 5.41) (9.82 7.32) (9 6.97) (0.34 6.42) (7.29 9.63) (6.24 5.95) (2.72 6.63) (8.54 8.32) (2.17 0.02) (7.6 6.22) (4.36 2.8) (1.3 4.08) (3.74 3.86) (8.86 9.45) (1.73 0.04) (7.53 7.62) (5.25 6.27)
char 92 (i e) (q e) (t a) (l j) (j q) (g g) (b a) (j g) (j k) (d f) (o c) (q l) (g n) (f s) (i a) (n j) (n e) (r o) (e c) (h p) (n r) (l c) (e c) (m m) (t i) (f r) (m q) (g q) (s s) (p g) (r p) (k g) (l q) (i j) (o o) (m b) (g m) (e p) (o h) (j p) (j g) (c q) (h m) (t e) (m f) (m n) (b o) (d p) (o l) (q m) (k s) (m l) (l d) (o f) (o i) (n r) (b d) (h n) (t j) (j o) (e m) (m p) (a f) (k a) (t b) (d f) (t c) (m f) (e b) (j c) (j g) (e i) (k o) (p n) (c f) (j c) (k f) (b a) (e g) (p t) (a c) (s t) (e d) (f m) (k n) (k d) (n o) (h h) (r g) (d m) (e d) (c f)
double 94 (1.69 0.89) (9.1 6.3) (1.19 6.73) (9.76 7.8) (2.13 6.86) (0.34 2.22) (1.55 0.34) (4.18 6.22) (6.04 9.29) (0.58 1.33) (2.46 3.37) (1.99 5.58) (5.11 9.79) (9.51 3.14) (1.27 2.09) (5.3 9.47) (2.33 3.26) (6.53 0.23) (7.43 7.81) (4.96 0.21) (5.74 9.82) (8.28 3.33) (5.26 5.07) (1.32 0.69) (0.77 8.42) (9.33 9.03) (5 1.02) (6.92 6.37) (6.18 6.64) (0.92 5.38) (3.19 5.93) (0.25 3.12) (6.82 6.72) (9.81 9.47) (9.91 9.38) (5.19 0.12) (8.65 3.57) (3.34 5.96) (1 3.1) (8.15 8.75) (6.9 5.77) (6.75 8.43) (7.43 8.18) (0.9 3.66) (1.9 0.88) (0.88 2.72) (6.51 4.71) (8 7.3) (0.28 5.51) (3.1 4.14) (1.14 1.82) (2.26 9.89) (5.37 9.18) (4.41 8.02) (9.65 8.72) (9.27 9.53) (2.63 5) (2.05 5.66) (6.03 5.82) (8.76 2.02) (1.64 2.3) (9.54 8.52) (2.03 9.89) (9.19 9.9) (7.01 5.29) (0.58 3.29) (0.98 4.93) (6.61 8.27) (9.23 3.66) (7.91 0.67) (3.06 9.19) (8.51 3.16) (2.49 1.79) (3.39 2.19) (6.23 1.92) (3.47 3.88) (5.83 4.17) (6.78 2.04) (2.21 0.7) (3.86 1.59) (8.53 7.91) (8.09 5.16) (0.02 5.6) (1.02 1.84) (5.77 1.9) (0.38 0.32) (9.9 0.06) (9.14 3.56) (2.64 7.23) (2.13 1.71) (5.41 1.19) (7.1 9) (8.72 0.12) (5.42 9.69)
char 96 (n n) (e s) (h b) (h d) (a d) (k l) (m s) (b g) (k c) (o o) (h s) (p b) (k t) (n k) (p q) (i l) (f i) (j r) (o f) (t l) (c p) (l i) (r g) (i s) (r c) (h d) (s d) (r n) (l f) (p b) (i m) (k j) (t k) (i s) (s b) (l d) (h q) (o c) (n k) (d n) (g q) (m r) (q j) (p d) (g j) (h p) (p n) (s p) (i h) (k j) (p k) (f i) (j p) (r b) (f d) (b a) (o f) (i g) (n t) (f e) (k q) (e a) (q l) (e o) (e s) (h d) (g d) (f l) (l a) (b g) (m e) (m f) (r j) (k p) (d a) (j a) (i g) (f g) (j h) (d m) (p l) (e m) (k g) (n c) (k i) (j r) (l o) (s f) (g h) (c k) (t a) (b j) (n p) (o t) (d l) (s q)
char 97 (p k) (p p) (e l) (g q) (o k) (d f) (m k) (t g) (d n) (h d) (q l) (q p) (n k) (c b) (g n) (t f) (r r) (c m) (e l) (f j) (e m) (a t) (j p) (r d) (e h) (c g) (g n) (f f) (t e) (e g) (b o) (o k) (i c) (q q) (a m) (r b) (l s) (g t) (d o) (s e) (m h) (b g) (k o) (e o) (m h) (f j) (q d) (q q) (i o) (p k) (j t) (b g) (n d) (j f) (q f) (i l) (a g) (s o) (o q) (i k) (p b) (e o) (f r) (o s) (k k) (t r) (l t) (l i) (g h) (b p) (o f) (h i) (r j) (l c) (l a) (r j) (e t) (h p) (q n) (l p) (c a) (k d) (h l) (m r) (i n) (l q) (b i) (q e) (d m) (m s) (h m) (g k) (t c) (k b) (l g) (s b) (p e)
int 99 (11 12) (79 31) (14 86) (95 32) (71 7) (47 36) (35 88) (4 66) (68 90) (67 4) (74 41) (54 42) (24 46) (85 45) (96 46) (45 12) (62 7) (39 60) (87 94) (76 91) (53 44) (7 30) (71 26) (31 51) (46 55) (88 50) (12 24) (30 85) (74 31) (54 92) (23 20) (3 90) (63 51) (5 85) (79 30) (65 81) (12 99) (30 21) (13 13) (23 49) (88 21) (81 5) (7 25) (55 47) (85 31) (66 70) (36 22) (13 61) (74 34) (60 44) (88 61) (70 99) (96 90) (88 82) (90 58) (32 78) (28 5) (64 20) (51 11) (84 95) (31 4) (48 44) (13 18) (68 80) (66 76) (17 49) (54 33) (95 92) (92 2) (46 29) (26 73) (79 22) (24 84) (12 51) (80 90) (36 46) (3 70) (75 54) (18 56) (6 64) (44 24) (71 43) (47 53) (63 77) (89 80) (74 30) (81 45) (14 54) (22 49) (41 18) (29 61) (67 92) (53 70) (28 81) (26 98) (48 90) (91 1) (25 82) (70 77)
bool 100 (1 1) (0 1) (0 1) (0 0) (0 0) (0 1) (1 1) (1 1) (1 0) (1 0) (1 1) (0 1) (0 1) (0 0) (0 0) (1 0) (1 0) (1 0) (0 0) (1 1) (1 0) (0 1) (0 0) (1 1) (1 1) (1 1) (1 1) (1 0) (1 0) (1 1) (1 0) (0 1) (1 1) (0 1) (0 1) (0 0) (0 0) (0 0) (0 1) (1 1) (1 1) (0 0) (1 1) (1 1) (0 0) (0 1) (1 1) (1 1) (0 0) (1 0) (1 0) (1 1) (1 1) (1 1) (0 0) (0 0) (0 1) (1 1) (1 1) (1 1) (1 0) (1 0) (0 0) (0 0) (1 0) (1 1) (1 1) (1 0) (1 0) (1 0) (1 1) (0 0) (0 1) (0 0) (1 0) (1 0) (0 1) (0 0) (1 0) (0 1) (0 0) (0 1) (0 1) (1 1) (0 0) (1 0) (1 1) (1 0) (0 0) (0 0) (1 1) (1 0) (0 0) (1 1) (0 1) (0 1) (0 0) (1 0) (0 0) (1 0)
bool 100 (0 1) (1 0) (1 1) (0 1) (1 1) (0 1) (0 0) (1 1) (0 0) (1 0) (1 0) (1 0) (0 1) (1 0) (1 1) (1 1) (1 0) (1 0) (0 1) (1 1) (0 0) (0 0) (1 0) (1 0) (1 1) (0 1) (1 1) (1 1) (1 1) (1 1) (0 0) (0 1) (0 0) (0 1) (1 0) (0 0) (1 1) (1 0) (0 1) (1 0) (1 1) (1 0) (1 1) (1 1) (1 1) (0 1) (0 1) (0 1) (0 1) (1 1) (0 0) (0 1) (0 1) (1 0) (1 0) (0 1) (1 0) (0 0) (1 0) (0 1) (1 1) (1 1) (0 1) (1 1) (1 1) (1 1) (1 0) (0 0) (1 1) (1 1) (0 0) (0 1) (0 0) (0 1) (1 0) (1 0) (1 1) (1 0) (1 1) (1 1) (0 1) (0 1) (0 1) (0 0) (0 1) (1 0) (0 0) (1 1) (0 0) (1 1) (1 0) (0 0) (0 1) (0 0) (1 0) (1 0) (1 0) (1 0) (1 1) (1 1)
bool 102 (0 0) (0 1) (0 0) (0 1) (1 1) (0 0) (0 1) (0 0) (1 0) (1 0) (0 0) (0 1) (1 0) (0 0) (1 0) (1 0) (1 1) (0 0) (0 0) (1 0) (0 1) (0 1) (0 1) (1 1) (1 1) (1 0) (1 0) (0 0) (0 0) (0 1) (1 0) (1 0) (0 0) (0 0) (1 1) (0 0) (0 0) (0 0) (1 1) (1 0) (1 0) (0 1) (0 1) (1 1) (0 0) (1 0) (1 0) (0 1) (0 1) (1 1) (1 1) (1 0) (0 0) (0 1) (1 0) (1 1) (1 0) (0 1) (0 1) (0 1) (1 0) (1 0) (0 1) (1 1) (1 1) (1 0) (0 1) (0 0) (1 1) (0 0) (0 0) (1 0) (1 0) (0 1) (1 0) (1 0) (0 1) (1 0) (0 1) (1 1) (0 1) (0 1) (1 1) (0 0) (1 1) (0 0) (0 1) (0 1) (1 0) (1 0) (0 0) (1 1) (1 0) (1 1) (0 0) (0 0) (0 1) (1 1) (1 0) (0 1) (1 1) (0 0)
int 103 (46 85) (45 5) (7 83) (14 7) (17 65) (83 55) (96 62) (32 11) (63 52) (88 90) (58 28) (5 55) (51 9) (33 96) (77 26) (20 87) (58 72) (14 34) (81 17) (88 64) (13 62) (81 21) (91 43) (13 94) (54 68) (43 59) (57 95) (43 68) (94 57) (99 1) (34 31) (16 56) (21 26) (72 55) (2 32) (1 37) (43 69) (20 86) (83 94) (53 91) (66 26) (42 99) (42 41) (44 40) (95 11) (6 15) (72 68) (98 80) (79 65) (18 98) (54 85) (88 23) (68 56) (25 26) (53 75) (91 21) (48 2) (47 76) (57 24) (52 71) (98 75) (69 19) (38 72) (43 39) (62 8) (14 50) (98 56) (58 48) (57 7) (50 11) (25 49) (27 25) (88 44) (56 37) (98 23) (86 77) (2 37) (44 35) (77 98) (8 40) (41 76) (52 10) (12 79) (55 69) (6 18) (69 45) (66 20) (69 10) (41 84) (24 33) (86 30) (61 23) (78 79) (18 77) (51 50) (5 37) (45 11) (64 8) (70 51) (1 42) (31 36) (70 75) (90 31)
double 104 (1.93 5.83) (3.4 2.88) (9.06 4.66) (3.95 8.19) (8.21 5.61) (4.97 8.13) (9.97 7.38) (0.3 6.08) (2.5 3.3) (4.67 1.84) (9.17 9.67) (6.2 6.43) (7.8 5.05) (4.86 5.82) (2.89 9.97) (8.56 3.97) (9.71 3.89) (3.58 5.12) (9.3 5.46) (7.14 1.29) (8.21 7.68) (4.35 8.85) (2.71 3.59) (9.29 1.76) (6.66 8.2) (6.07 1.12) (4.23 2.89) (7.65 5.71) (4.78 1.66) (7.28 3.98) (5.6 8.14) (3.29 7.69) (5.68 2.06) (4.93 7.92) (2.52 0.38) (7.95 2.89) (5.14 5.79) (4.39 1.56) (9.68 9.12) (1.74 8.29) (3.12 5.83) (3.49 2.09) (5.08 9.28) (1.22 9.06) (5.1 7.65) (0.25 2.03) (6.17 6.51) (5.93 4.69) (9.61 0.8) (2.92 7.79) (9.39 2.79) (9.98 6.78) (2.81 3.72) (3.45 2.74) (6.86 6.63) (4.37 1.34) (9.31 8.92) (8.86 9.27) (5.57 2.43) (5.4 5.57) (8.93 9.89) (0.75 4.67) (1.93 1.62) (9 8.99) (0.68 8.06) (1.13 6.81) (1.63 2.23) (4.43 5.37) (8.5 6.58) (1.57 6.74) (3.3 6.82) (5.27 3.39) (2.94 1.24) (9.16 9.13) (2.59 3.23) (2.85 7.21) (8.35 9.15) (8.08 2.14) (5.06 3.97) (6.91 4.27) (9.91 2.09) (7.29 4.98) (9.36 5.23) (2.63 5.83) (0.79 4.89) (8.06 0.64) (3.15 5.34) (0.52 8.16) (0.05 9.07) (6.48 6.59) (0.68 8.49) (3.29 4.23) (0.57 5.31) (8.76 1.32) (7.27 0.26) (2.84 4.68) (3.84 0.13) (8.12 3.96) (5.22 8.26) (5.8 5.1) (7.5 4.07) (3.28 1.52) (1.81 3.15) (5.41 3.07)
double 105 (5.46 5.57) (7.6 0.52) (0.96 9.07) (8.77 3.91) (2.85 5.78) (8.33 5.81) (6.58 8.97) (7.54 0.19) (9.12 7.59) (5.99 8.54) (6.94 9.86) (6.48 9.62) (4.84 0.91) (7.37 4.45) (0.68 7.33) (0.27 5.24) (3.88 3.77) (4.97 1.27) (5 2.82) (9.26 0.11) (5.9 7.97) (1.08 8.28) (3.8 8.44) (1.58 7.35) (7.96 2.88) (8.08 8.23) (7.27 8.17) (4.96 0.58) (5.01 8.89) (3.16 7.16) (4.31 2.7) (1.83 8.73) (1.03 1.22) (7 0.9) (4.75 1.83) (8.08 3.24) (2.72 8.41) (1.94 8.2) (8.64 5.88) (3.3 5.66) (3.89 7.26) (4.38 3.48) (2.71 9.74) (1.29 3.27) (0.57 2.86) (2.95 1.03) (3.46 8.28) (9.07 7.24) (7.76 7.12) (4.66 7.79) (8.59 7.17) (9.08 6.78) (9.33 6.14) (3.56 6.78) (4.9 7.83) (2.53 6.21) (8.67 2.52) (6.12 3.01) (7.93 6.32) (5.34 4.24) (2.71 6.82) (9.61 3.73) (5.64 6.16) (9.91 5.12) (9.61 0.32) (9.53 8.58) (2.38 9.69) (9.12 5.11) (4.59 4.99) (5.25 7.23) (6.08 3.7) (2.2 3.64) (9.56 6.53) (5.14 3.07) (7.96 5.32) (4.36 6.5) (8.29 9.62) (3.52 8.46) (1.88 7.88) (3.28 9.8) (1.76 8.87) (9.66 8.24) (1.05 2.84) (4.24 2.27) (9.54 1.72) (9.02 1.63) (8.15 0.73) (2.01 8.13) (0.86 5.59) (1.19 3.89) (6.23 6.63) (7.4 8.98) (9.29 6.33) (7.81 2.67) (9.91 5.16) (4.35 3.31) (3.76 1.32) (2.67 0.55) (8.04 8.59) (5.64 4.68) (6.81 3.96) (8.13 5.2) (0.94 4.65) (1.58 6.34) (2.3 7.4)
bool 106 (0 0) (1 1) (1 0) (0 0) (1 1) (0 0) (0 1) (0 1) (0 1) (0 1) (1 0) (1 0) (0 0) (1 1) (1 0) (1 0) (1 1) (0 0) (1 0) (0 0) (1 1) (1 1) (0 1) (0 1) (0 1) (1 1) (1 1) (0 0) (0 1) (1 0) (0 0) (1 1) (0 1) (0 0) (0 1) (0 0) (0 1) (1 1) (0 1) (0 0) (0 0) (1 0) (0 0) (0 0) (0 1) (0 0) (1 1) (0 0) (0 1) (1 1) (0 0) (0 0) (0 1) (1 0) (1 1) (1 0) (0 1) (1 0) (0 1) (1 1) (1 1) (1 0) (1 0) (1 1) (0 0) (0 0) (0 0) (0 0) (1 0) (0 1) (0 1) (1 0) (0 1) (0 0) (1 1) (1 0) (1 0) (0 1) (1 1) (0 0) (1 0) (1 1) (1 1) (0 0) (0 1) (0 0) (1 1) (1 0) (0 1) (0 0) (1 0) (1 1) (0 0) (0 0) (1 0) (1 1) (1 0) (0 0) (0 0) (0 0) (0 0) (1 1) (0 0) (1 1) (0 0) (0 1)
bool 107 (0 0) (1 1) (0 0) (0 0) (1 0) (1 1) (0 1) (1 1) (1 1) (0 1) (1 0) (0 1) (0 1) (1 1) (0 1) (1 1) (1 1) (1 1) (0 0) (0 1) (0 1) (1 1) (0 1) (1 1) (0 1) (1 0) (0 1) (0 0) (1 1) (1 0) (1 0) (0 1) (0 1) (0 0) (0 0) (0 0) (1 1) (0 0) (0 1) (0 0) (0 0) (0 0) (1 1) (0 1) (1 0) (1 1) (1 0) (0 1) (1 0) (1 0) (0 0) (0 0) (0 0) (0 1) (0 0) (0 1) (1 1) (1 1) (0 1) (0 1) (1 0) (1 1) (0 0) (0 1) (1 1) (1 1) (1 1) (1 0) (1 0) (1 0) (1 0) (1 1) (1 1) (0 1) (0 1) (1 1) (0 0) (1 1) (0 0) (1 0) (1 1) (1 0) (1 1) (0 0) (1 0) (1 0) (1 0) (0 1) (1 1) (1 1) (0 0) (1 1) (0 0) (0 0) (1 1) (1 0) (0 1) (0 0) (0 0) (0 1) (1 1) (0 1) (1 1) (1 1) (1 0) (0 0) (1 0)
char 107 (d h) (n j) (n k) (f q) (f m) (o s) (f h) (j g) (n m) (h h) (l f) (a c) (p h) (o l) (a g) (n k) (j b) (f b) (k j) (r p) (r r) (l o) (r d) (e l) (p d) (r l) (b l) (m r) (s m) (c f) (b d) (k f) (b s) (i l) (f n) (b a) (t s) (b q) (n q) (e b) (s i) (k g) (h r) (t n) (i d) (q g) (c s) (p o) (s c) (s g) (f b) (b k) (q h) (g s) (j m) (b s) (p n) (e o) (f j) (m b) (b r) (t t) (n n) (t d) (a k) (i l) (d l) (i p) (c d) (m k) (k q) (h h) (l a) (f j) (f q) (t f) (t e) (p m) (l d) (p p) (h b) (f j) (g k) (t j) (k f) (g t) (n e) (b m) (g h) (n c) (c q) (i e) (q e) (b t) (r i) (a d) (a r) (c r) (f g) (a s) (n j) (d q) (t b) (f k) (i h) (g l) (a h)
double 108 (1.85 7.38) (6.71 3.76) (1.27 7.74) (7.16 4.16) (8.78 9.86) (2.05 0.44) (4.98 3.32) (8.16 1.33) (0.88 4.51) (5.02 9.03) (5.89 6.24) (3.87 0.59) (5.42 0.44) (6.37 6.33) (6.66 3.15) (1.1 1.29) (6.13 7.83) (9.62 9.33) (9.2 6.33) (0.78 0.87) (2.25 4.63) (8.86 0.46) (5.52 1.08) (8.37 7.35) (8.38 2.48) (0.9 2.19) (3.72 9.44) (6.46 5.43) (9.36 1.36) (8.23 5.83) (7.65 7.1) (1.75 3.25) (9.5 1.2) (4.88 3.3) (1.55 7.61) (3.46 7.9) (6.75 0.58) (9.29 9.49) (0.84 9.79) (4.53 0.39) (1.8 6.28) (0.95 3.76) (2.51 8.21) (7.75 1.21) (4 5.07) (6.63 4.1) (8.22 3.29) (3.5 0.95) (3.63 2.53) (8.39 0.21) (2.81 6.97) (6.06 2.82) (0.81 7.54) (9.95 8.37) (5.23 3.66) (2.01 0.66) (9.22 6.64) (1.96 7.77) (0.39 2.13) (7.65 4.8) (0.95 3.7) (0.16 5.27) (3.19 1.3) (1.32 4.81) (0.05 3.91) (5.37 0.78) (4.06 6.41) (7.16 8.56) (6.3 7.51) (6.63 2.87) (3.31 0.69) (6.75 0.1) (4.54 0.51) (7.96 1.19) (4.8 8.21) (6 5.76) (9.59 8.08) (7.37 5.32) (9.57 6.49) (4.85 9.5) (5.97 6.37) (0.29 3.77) (7.07 4.1) (8.85 5.45) (9.74 4.29) (0.71 3.28) (3.08 0.24) (2.91 5.07) (2.76 4.84) (4.3 6.28) (6.36 5.71) (1.52 2.43) (4.41 1.97) (5.54 6.02) (8.22 8.08) (2.61 3.31) (5.21 0.48) (9.15 9.02) (6.21 4.9) (6.68 2.67) (9.43 0.26) (9.31 3.04) (5.41 0.43) (4.89 3.79) (9.5 7.85) (8.31 8.84) (2.32 1.35) (2.4 7.15)
int 108 (14 11) (12 92) (75 94) (60 87) (64 45) (56 35) (37 91) (38 65) (92 80) (58 17) (56 82) (25 36) (75 38) (35 35) (61 46) (87 43) (8 46) (64 31) (4 22) (37 78) (9 28) (9 39) (52 43) (98 82) (85 42) (77 11) (37 64) (60 74) (57 63) (42 57) (52 25) (77 77) (5 60) (20 61) (88 20) (74 70) (81 80) (7 33) (36 63) (44 82) (48 64) (86 49) (48 22) (74 3) (20 81) (68 32) (49 98) (93 79) (39 70) (6 28) (3 81) (19 26) (2 4) (29 4) (66 17) (41 41) (63 15) (6 44) (90 85) (15 97) (17 6) (98 13) (10 61) (60 76) (80 77) (95 70) (35 76) (89 92) (4 71) (92 53) (32 71) (78 52) (3 80) (27 42) (25 17) (37 91) (12 33) (29 34) (85 19) (65 12) (87 13) (93 7) (92 98) (65 33) (92 2) (26 68) (51 78) (69 79) (99 11) (19 50) (78 24) (25 85) (98 77) (49 21) (86 91) (65 87) (79 34) (23 35) (36 94) (3 20) (92 14) (93 9) (82 44) (56 64) (32 59) (53 25) (27 56) (30 7)
