10 4 10 13 19 9 19 1 7 12 13 16
14 6 23 17 11 3 6 2 3 16 0 20 25 26 20 23
14 1 13 22 14 26 26 17 10 8 15 5 15 8 27 9
14 10 16 17 19 4 8 4 23 11 1 2 2 27 27 16
18 15 16 8 22 33 32 5 4 9 14 35 21 13 21 31 23 27 29 2
18 16 14 18 15 9 29 35 4 10 13 5 27 32 33 21 9 28 18 12
22 19 14 37 31 37 34 6 25 10 24 1 38 31 0 14 20 40 31 39 12 9 27 40
26 4 33 25 13 1 18 8 37 33 33 29 36 27 29 23 42 32 17 6 30 3 15 25 2 7 43 32
26 11 4 5 49 34 44 22 35 20 19 4 39 46 24 2 15 1 2 39 38 33 5 46 16 38 12 34
38 33 3 65 74 74 56 20 48 57 20 36 28 41 73 22 63 61 29 11 59 41 5 39 48 14 33 64 15 26 20 56 14 45 65 60 45 52 56 4
42 28 39 17 70 13 60 34 78 82 28 60 13 58 50 45 35 48 34 45 39 32 6 43 78 71 19 71 39 7 38 77 15 46 76 71 32 7 32 83 24 37 82 63
46 18 88 4 46 79 39 83 3 12 11 32 17 46 82 65 26 28 63 17 21 66 44 80 67 11 79 49 73 21 40 54 87 51 10 48 12 58 61 31 66 45 41 42 42 81 73 49
46 5 71 9 91 48 64 17 72 33 25 20 3 22 61 46 60 26 51 37 16 19 34 47 74 0 27 69 26 30 11 19 44 47 0 11 77 33 42 88 24 46 9 14 45 53 29 23
50 15 1 65 99 59 57 90 43 82 82 3 39 84 61 4 32 27 84 24 56 14 7 48 8 4 87 35 32 36 57 25 64 54 28 33 23 30 44 70 32 4 85 79 64 55 26 79 10 20 90 1
50 21 35 30 98 94 26 50 34 15 68 91 99 71 69 1 96 10 73 92 11 28 0 12 79 39 69 51 14 64 84 11 44 91 27 41 99 97 95 6 91 11 38 82 53 18 23 3 80 8 73 37
50 5 99 93 49 43 18 46 75 75 81 76 30 35 28 48 97 62 61 47 37 14 95 30 7 56 25 43 66 15 50 42 75 23 65 12 29 80 73 57 56 23 53 6 52 76 62 38 11 66 94 9
54 6 30 61 49 96 39 107 83 100 105 84 96 76 78 72 17 25 64 100 50 5 56 103 29 71 105 57 67 56 69 91 97 88 102 97 21 22 17 52 83 103 41 86 77 65 45 50 56 22 34 70 79 48 36 16
58 6 91 16 60 107 60 8 82 110 21 64 101 4 112 64 98 30 36 65 7 72 33 14 115 9 38 67 60 57 9 58 63 70 47 74 35 1 2 72 97 70 108 69 87 76 11 31 44 84 63 81 101 90 45 33 109 45 5 23
62 44 59 122 16 29 91 81 102 87 77 18 95 59 104 83 69 34 70 16 19 102 25 24 117 83 69 118 8 13 113 11 116 28 74 48 54 74 24 62 32 75 56 47 28 7 7 58 92 71 4 37 16 100 96 88 57 114 36 121 117 90 13 22
70 64 128 132 28 3 84 88 27 98 43 20 83 138 136 74 13 56 34 2 35 1 51 5 120 31 120 27 32 133 93 109 62 121 12 54 65 118 37 68 94 80 31 18 70 129 24 83 110 20 43 47 108 79 138 97 97 57 9 35 23 14 114 24 24 10 45 54 76 29 91 30
82 55 24 105 122 13 21 16 39 148 31 52 77 127 40 147 100 99 129 149 70 59 103 133 96 24 152 81 110 157 89 4 78 10 95 71 109 59 59 99 111 21 139 3 149 33 70 106 41 135 163 129 58 146 40 144 61 5 115 13 115 60 132 92 9 83 78 157 86 43 101 106 19 22 0 90 146 116 65 128 25 83 37 87
82 21 122 3 111 29 70 68 159 39 29 90 18 55 100 133 127 132 41 143 56 67 12 28 113 114 74 35 3 39 127 13 114 83 143 3 60 160 59 38 108 155 27 18 18 131 32 85 125 60 102 137 140 90 7 140 113 150 38 106 73 59 9 37 24 12 72 70 17 96 134 37 44 111 119 19 43 99 13 103 106 113 5 118
86 79 17 165 5 106 60 56 4 110 11 137 157 103 95 19 100 75 169 8 133 71 20 45 29 72 152 68 64 120 36 30 141 78 119 13 41 165 1 2 19 131 134 19 140 99 146 0 92 14 65 121 142 83 166 149 150 102 111 159 74 151 108 71 67 144 122 79 141 106 15 102 150 94 77 121 88 60 89 119 100 151 168 88 70 129 161 47
98 85 173 135 67 153 122 172 135 154 37 155 13 124 96 64 64 182 45 86 104 143 91 38 143 84 66 0 59 50 71 149 172 53 85 56 71 48 2 114 193 139 110 181 64 115 35 25 93 160 151 99 124 132 146 115 136 64 37 177 132 119 182 142 120 49 174 42 74 7 115 134 130 20 165 25 166 94 71 58 179 54 166 178 144 32 134 110 18 31 168 138 126 181 136 107 36 137 25 188
106 95 147 128 16 49 27 62 156 136 107 6 33 2 62 79 42 152 54 171 81 51 29 163 27 15 81 151 13 167 26 26 14 116 197 137 60 72 111 16 143 20 159 119 78 206 156 153 1 43 97 36 109 84 188 60 8 3 23 176 9 131 51 93 153 8 66 103 11 80 30 68 151 203 142 32 140 200 130 39 23 119 173 70 117 34 188 120 30 3 189 56 202 188 120 82 127 2 63 207 24 194 108 199 190 129 139 12
106 59 103 37 9 202 18 109 142 177 125 91 189 40 163 125 71 87 32 59 137 39 127 51 43 202 171 32 167 40 44 7 18 65 15 129 34 115 35 137 28 205 164 76 69 0 133 33 202 210 62 183 30 173 21 33 194 108 209 76 12 47 17 35 69 117 127 109 64 206 112 174 27 88 72 199 117 171 149 32 4 145 191 162 162 19 169 147 75 117 46 174 200 123 194 33 16 195 114 98 207 154 72 51 130 67 18 154
110 1 195 132 61 187 132 128 8 139 137 157 202 85 168 217 178 13 146 212 127 26 14 17 177 119 167 102 45 60 200 115 66 75 167 177 86 97 216 204 11 50 56 124 214 80 212 93 117 85 154 37 187 188 185 212 56 67 5 56 60 114 46 102 48 178 28 134 177 78 180 18 213 136 213 163 64 194 16 195 127 94 182 4 123 74 59 59 46 218 114 117 209 118 132 0 210 65 85 162 195 98 40 180 41 66 139 102 144 89 34 147
114 97 14 221 164 165 30 209 81 81 104 21 125 182 24 17 124 190 86 60 125 64 209 164 181 153 65 11 133 165 99 145 118 109 186 50 81 189 123 218 209 191 178 85 87 209 177 112 197 158 61 181 70 16 66 227 68 41 173 40 84 211 199 193 135 90 202 171 195 170 67 138 108 89 173 47 153 191 29 115 60 40 178 122 152 177 70 10 145 169 99 62 174 16 137 3 14 95 203 135 154 4 126 131 150 16 170 45 109 25 181 107 88 8 131 120
114 34 11 86 21 86 76 21 141 4 55 121 94 177 96 68 74 199 24 78 103 116 25 151 37 62 90 53 159 203 78 129 191 22 218 19 53 24 35 104 56 214 14 101 125 134 44 154 96 80 192 142 131 67 219 183 226 90 34 147 226 54 168 61 97 141 77 0 138 220 209 130 48 59 160 116 99 92 216 168 96 137 127 25 220 159 122 136 33 48 142 5 93 65 154 57 8 29 81 98 89 209 43 91 126 28 127 7 80 76 193 114 217 64 117 113
122 38 50 169 42 139 129 7 156 227 50 86 224 84 106 163 37 6 96 178 137 122 206 189 225 162 131 113 194 185 80 196 63 5 78 159 18 239 108 49 46 206 242 166 6 232 179 51 145 206 73 211 30 94 157 38 121 207 171 26 24 129 132 42 46 34 74 160 27 232 229 79 60 102 192 77 44 147 54 188 146 22 196 4 23 42 38 56 142 183 108 50 24 33 57 89 34 123 206 20 84 85 54 132 222 48 10 122 163 194 47 16 215 190 4 40 81 146 203 240 195 126 195 21
130 29 161 9 91 244 22 111 148 33 75 142 133 38 78 216 188 133 46 244 81 99 174 250 256 20 110 44 86 139 132 204 218 235 157 169 258 174 60 112 121 211 223 208 168 139 49 184 250 205 64 159 186 28 1 16 139 129 198 154 110 49 245 116 192 239 150 182 128 246 216 174 120 212 199 182 79 153 156 135 107 14 255 233 1 89 227 252 214 64 172 180 183 256 158 62 132 217 243 103 170 173 25 207 45 18 46 203 124 23 119 221 232 249 48 182 7 42 91 22 90 131 185 70 119 130 210 102 139 45 46 211
130 6 211 133 210 53 179 232 195 160 123 26 194 165 68 205 123 195 6 107 50 137 120 152 188 259 70 7 154 163 76 43 50 85 211 196 110 188 106 89 182 6 55 115 247 73 203 133 8 185 206 126 73 98 92 70 12 104 191 85 159 203 219 155 244 4 242 101 177 19 186 49 44 10 250 44 38 73 27 13 32 72 0 86 18 14 177 106 37 122 53 101 26 21 196 168 101 104 97 115 95 83 157 132 247 195 237 185 113 119 3 255 168 250 77 199 227 193 56 0 16 4 139 99 55 83 65 4 43 122 138 203
134 125 206 184 51 34 12 53 218 180 49 13 148 206 213 148 211 203 221 121 156 95 265 22 195 218 106 194 48 76 57 195 76 153 130 167 226 16 101 251 145 202 16 64 66 256 106 83 193 232 54 11 165 19 228 155 171 35 188 150 118 187 187 193 101 236 31 130 141 207 156 64 267 209 243 142 121 78 115 196 31 39 38 194 184 221 46 90 109 114 153 203 135 151 264 27 236 176 132 230 207 116 257 136 123 82 92 207 33 215 24 45 233 155 129 221 17 96 190 9 227 182 175 215 184 51 266 55 14 232 256 59 30 66 119 170
138 66 203 15 48 106 158 3 13 155 49 86 194 96 228 103 240 256 172 139 9 169 173 173 28 11 2 10 156 135 104 255 87 65 15 251 76 252 191 70 185 72 120 175 227 125 110 267 127 89 9 73 196 262 219 131 122 128 216 273 257 235 32 24 24 72 215 209 11 191 25 83 103 192 90 83 274 14 222 265 162 76 119 273 125 259 85 247 179 49 187 222 247 206 181 156 216 109 124 265 273 56 128 57 149 244 196 270 66 195 241 47 180 253 253 156 123 237 204 109 99 156 110 75 121 143 197 226 119 14 104 140 123 69 253 157 245 252 132 234
138 1 150 19 214 126 171 197 183 222 147 30 184 260 84 188 262 21 205 28 274 166 24 145 171 275 40 160 139 47 108 263 70 50 66 73 37 231 210 33 100 2 24 212 25 264 270 124 2 11 111 68 11 153 47 271 207 115 81 164 270 114 244 272 141 253 268 241 83 98 37 213 57 186 96 127 128 89 168 55 187 41 260 261 246 111 79 58 166 138 165 122 254 92 98 140 273 245 161 105 92 80 94 172 5 25 245 262 150 48 196 142 189 143 102 235 21 242 150 149 17 167 122 143 62 256 112 209 144 214 14 200 55 207 156 215 241 89 186 125
138 22 88 184 269 268 129 125 79 22 113 188 222 207 155 258 57 96 85 169 75 51 162 245 29 189 123 58 37 69 217 204 76 57 50 154 29 48 123 171 33 51 20 24 176 174 250 126 254 219 215 262 77 113 82 35 232 57 36 252 55 98 11 121 219 43 259 180 48 249 83 209 201 91 136 232 38 210 21 162 114 200 46 81 113 90 37 155 84 25 95 37 156 52 5 4 17 42 104 220 238 228 53 234 86 224 21 70 28 36 81 263 69 232 51 144 247 40 199 226 63 65 241 206 215 28 105 94 122 122 146 171 67 264 65 54 6 136 135 216
142 128 250 39 118 257 196 247 265 29 170 66 104 238 268 100 153 55 85 168 212 147 273 79 214 202 96 185 109 68 276 212 28 80 61 74 220 7 93 153 79 27 222 255 60 88 35 257 79 77 187 105 194 63 195 145 32 154 112 53 206 214 16 157 72 102 26 230 67 134 201 158 84 18 247 41 130 225 188 16 211 251 131 104 271 174 87 85 262 24 65 110 91 11 88 117 18 275 260 179 219 235 267 88 119 246 159 167 24 123 241 73 26 184 8 185 170 263 70 265 130 171 206 208 20 62 99 102 71 245 208 266 171 50 1 121 269 60 183 38 226 176 181 166
142 140 174 157 140 105 164 280 4 86 15 172 241 30 183 212 143 209 225 75 181 254 56 92 169 257 177 228 188 73 100 130 11 62 50 57 22 159 9 195 78 138 72 282 184 244 102 179 90 149 23 7 141 225 230 242 34 196 278 137 192 275 198 12 25 18 236 42 113 122 105 27 123 203 74 31 137 52 71 275 126 132 200 102 120 46 61 257 16 196 161 21 74 193 64 62 141 135 11 151 76 76 65 141 207 283 62 139 72 157 196 32 194 78 224 8 261 165 130 71 78 143 110 167 252 280 154 145 255 25 142 255 259 16 110 64 218 268 257 260 39 141 206 103
142 78 268 217 154 200 198 10 46 45 26 68 19 65 45 258 52 50 174 250 156 93 238 55 265 128 185 68 131 167 21 114 243 242 1 74 238 173 32 46 39 269 42 86 70 262 227 23 19 27 269 31 11 276 193 250 86 95 60 188 229 143 203 23 265 276 151 50 25 101 81 88 276 280 145 25 152 195 232 85 36 275 65 214 197 43 133 246 130 108 157 147 266 157 40 177 247 86 281 20 248 65 165 155 35 182 193 168 4 180 222 84 108 112 262 59 118 189 74 40 180 191 261 1 184 213 225 191 232 257 216 61 87 110 75 0 131 174 258 89 116 122 175 177
146 53 50 147 110 250 171 181 8 252 225 202 193 124 167 160 177 185 7 240 287 178 197 65 256 89 64 49 136 229 13 42 264 47 146 188 128 32 252 265 53 204 267 73 265 151 222 181 89 211 32 196 274 204 156 141 127 148 38 100 147 249 259 47 21 257 260 231 34 111 114 179 141 210 158 214 223 120 151 246 23 93 28 46 126 149 15 82 65 16 116 96 264 81 13 46 152 251 54 145 257 203 81 25 151 133 16 93 204 175 142 282 190 119 98 53 281 196 41 63 88 10 69 186 189 126 162 272 232 15 204 196 241 17 107 196 143 162 149 53 10 17 14 29 263 164 250 115
150 93 114 290 257 197 158 225 295 72 8 146 158 137 163 18 66 187 208 110 30 232 196 278 273 90 254 162 7 285 241 254 129 179 44 68 249 48 59 12 176 219 59 143 60 73 267 284 258 208 39 115 76 225 256 33 203 191 239 240 230 79 200 228 197 99 292 183 274 293 101 79 255 244 212 285 265 92 108 114 217 89 259 117 132 135 0 92 229 159 197 299 76 177 84 189 189 53 114 116 287 98 134 148 257 200 202 124 13 274 105 90 190 66 186 81 262 112 150 124 2 112 201 57 75 138 178 292 247 190 288 119 166 297 42 219 25 149 292 161 134 54 44 204 45 169 197 292 281 57 127 89
158 86 295 246 102 146 60 61 31 244 203 174 114 178 183 187 184 173 309 6 302 311 234 78 133 95 259 112 149 63 66 147 54 172 265 52 127 72 11 95 187 184 126 27 120 299 259 184 106 95 47 94 135 223 57 78 231 13 204 65 104 118 109 169 181 72 208 86 73 48 0 282 94 93 27 234 62 64 9 160 99 61 175 183 56 309 104 88 225 120 199 103 109 94 20 95 82 287 276 266 276 302 247 190 162 305 93 66 280 281 150 144 230 274 213 311 266 300 87 247 36 190 65 220 92 165 90 293 256 34 199 120 160 171 195 167 253 226 305 189 207 120 276 72 46 124 137 94 212 304 284 134 196 261 36 39 201 25 308 166
174 165 36 210 240 99 347 181 320 149 150 145 228 65 174 332 35 174 30 195 93 55 193 325 205 69 11 68 274 331 287 176 266 122 226 225 42 89 312 279 258 172 172 160 282 197 63 217 217 286 283 67 316 266 219 129 83 213 259 262 307 121 100 137 146 299 1 170 270 345 324 267 95 18 323 88 196 66 79 128 275 334 322 275 238 117 144 8 94 249 296 259 43 278 184 95 226 10 158 89 322 165 214 168 77 276 326 116 212 272 176 116 276 221 213 135 205 282 4 330 61 307 50 192 165 71 266 50 177 89 84 288 97 218 30 111 322 307 142 209 316 207 25 12 120 169 64 108 142 318 127 259 202 256 144 66 152 182 197 315 204 71 255 256 199 76 334 129 78 2 161 15 16 52 269 136
174 135 166 220 284 239 62 281 19 160 244 250 273 283 44 326 72 293 256 123 197 307 333 154 151 343 343 264 28 302 60 215 164 277 219 203 162 22 55 39 197 81 86 295 284 100 37 180 241 10 13 290 154 187 261 212 222 220 58 17 282 94 222 344 194 324 74 20 307 151 303 238 41 226 164 271 117 271 315 247 286 134 196 171 243 340 285 230 116 148 145 23 89 204 269 263 37 84 135 124 32 62 107 312 274 203 250 121 228 342 49 103 180 230 335 116 97 175 225 25 297 42 325 334 256 75 147 126 343 118 275 229 292 42 55 106 255 128 280 195 317 164 313 228 94 74 35 190 163 76 83 316 344 284 102 293 284 64 238 140 166 227 275 159 23 23 121 20 115 156 5 101 181 202 327 296
178 145 351 169 86 63 170 334 186 338 213 265 75 338 210 298 270 306 311 173 249 259 90 74 247 331 150 256 306 3 147 291 234 300 280 104 129 16 189 254 216 24 212 120 192 262 26 121 186 6 123 277 116 312 321 77 220 318 161 244 100 216 252 180 80 352 318 270 76 159 86 73 124 40 101 254 136 62 94 11 65 333 112 271 321 234 98 289 88 45 296 166 110 62 245 334 28 311 214 262 146 282 215 134 337 12 79 240 127 270 331 129 98 272 158 28 28 138 20 0 5 301 230 42 305 140 92 345 243 282 74 342 327 343 341 138 109 329 349 45 34 28 262 247 68 75 115 69 142 303 335 245 333 253 280 327 347 230 95 50 277 255 201 216 50 76 271 17 258 35 207 187 125 174 156 104 1 264 241 64
178 124 279 215 121 288 162 200 11 325 218 202 37 248 17 128 188 267 116 349 195 153 188 272 2 201 157 62 29 265 223 147 10 22 218 59 163 209 202 155 315 53 180 255 129 48 123 247 224 9 354 223 84 93 247 204 108 161 95 96 222 200 267 182 25 259 186 157 321 331 271 271 46 291 5 329 329 252 58 279 140 216 136 253 224 314 77 13 107 351 282 77 169 331 120 70 232 96 141 169 214 159 342 331 245 344 169 85 212 91 250 344 215 134 14 323 134 64 209 273 304 7 68 234 330 124 158 119 160 265 90 124 204 74 91 305 67 249 77 143 79 106 250 187 220 104 148 261 272 68 274 88 39 316 0 179 271 69 224 151 339 305 167 347 182 250 107 94 203 327 41 76 178 132 191 333 203 37 243 329
178 122 203 116 255 270 29 263 126 157 352 67 106 125 65 29 169 150 16 265 67 226 192 298 308 307 202 340 199 228 240 115 202 27 103 9 188 145 23 307 38 159 253 194 141 187 127 75 262 211 189 149 207 349 331 297 136 197 341 43 147 59 336 333 192 19 237 277 106 351 268 190 134 340 76 245 227 241 170 207 66 142 10 43 173 194 235 171 262 273 55 268 171 57 37 251 18 353 223 161 224 3 195 101 225 238 85 196 115 267 327 152 171 63 221 185 260 322 30 271 86 127 146 38 81 243 210 100 336 132 324 66 282 36 271 139 188 44 96 193 93 159 132 334 56 115 5 275 264 80 182 30 29 114 281 338 118 60 143 350 41 319 204 180 284 11 213 6 164 228 73 348 313 283 269 109 206 124 101 336
190 52 252 221 83 297 360 354 93 326 19 128 3 227 65 21 291 366 20 8 30 310 379 193 28 301 169 266 356 66 152 293 40 229 319 170 111 16 18 86 313 109 306 48 46 344 53 352 370 288 213 87 249 52 135 60 299 132 306 263 126 196 238 322 249 164 335 95 194 362 248 321 293 180 226 163 106 180 73 155 70 61 313 327 365 107 215 51 14 228 190 158 124 152 59 34 334 94 173 227 18 250 313 246 76 245 60 330 56 104 65 330 306 151 301 353 310 366 56 345 81 174 243 0 97 308 140 235 187 154 18 131 34 197 283 60 40 205 66 183 256 214 230 70 351 85 256 151 282 105 83 147 146 246 103 366 214 84 192 156 77 250 290 20 234 136 192 152 157 99 277 87 282 268 174 236 281 70 365 268 138 341 321 280 73 67 194 344 54 57 48 162
190 63 280 83 12 77 294 202 128 358 355 249 251 364 130 294 364 158 142 300 117 248 185 288 188 306 32 248 314 294 332 298 2 224 269 171 76 145 259 353 253 28 328 337 299 188 52 134 150 52 269 360 100 334 14 136 137 180 152 187 297 3 2 277 312 275 166 291 153 293 33 99 258 86 250 363 222 89 115 359 15 310 99 260 348 357 73 216 44 23 207 269 236 76 6 180 252 261 351 118 29 104 35 26 151 29 192 345 47 328 58 166 10 233 165 135 73 51 219 125 167 76 68 268 176 109 137 285 262 126 339 119 365 209 95 369 202 117 111 95 362 42 98 162 342 171 63 283 133 284 307 272 179 83 24 15 366 21 260 64 253 345 201 19 188 337 348 252 52 17 266 70 46 255 145 160 295 51 102 152 342 119 101 355 305 319 1 110 295 20 182 20
190 104 104 244 336 268 275 336 70 306 41 271 172 106 195 85 105 238 66 357 288 272 319 378 240 200 119 312 267 280 156 197 302 193 204 274 119 85 204 105 313 306 326 325 33 315 3 29 59 81 134 296 127 219 67 137 307 152 339 361 292 202 212 8 97 378 293 208 311 222 199 202 299 302 83 192 242 177 260 166 160 374 53 242 280 40 83 324 374 6 339 190 8 61 139 327 86 165 191 30 62 180 70 71 255 27 332 246 117 152 25 358 208 346 121 161 372 11 218 62 30 86 99 76 160 6 293 12 13 185 24 349 33 272 203 38 194 326 171 296 160 267 312 347 9 82 164 168 9 19 261 147 88 320 170 251 289 33 162 149 193 107 322 324 195 216 19 41 121 53 20 307 97 180 271 34 200 370 150 137 32 161 183 206 253 193 46 244 89 305 376 115
190 141 180 338 165 231 287 270 353 173 334 331 272 335 332 364 62 329 19 220 142 283 44 64 123 304 321 375 221 292 279 181 315 108 101 189 358 82 188 277 254 282 219 138 370 105 343 305 209 369 274 347 81 284 150 99 53 244 98 256 207 324 69 269 6 199 22 82 127 274 141 34 128 37 110 8 303 315 347 285 3 79 198 134 143 217 52 347 286 305 364 86 156 154 38 137 331 72 164 93 353 350 176 124 171 273 337 182 110 45 271 312 144 353 133 118 330 254 186 228 274 188 168 188 159 322 151 81 24 131 49 267 18 46 199 207 228 303 4 102 143 151 76 81 243 33 245 3 156 295 345 206 178 274 162 294 116 357 182 243 243 60 26 250 183 256 127 196 188 12 207 343 145 41 58 90 341 168 39 136 266 184 5 79 281 322 224 29 359 256 121 349
194 140 36 118 261 91 75 232 281 86 387 363 130 332 313 110 149 258 308 59 177 74 310 306 300 95 179 75 123 97 194 216 256 163 269 292 294 222 45 353 357 95 386 187 167 201 120 4 67 128 139 32 257 143 136 380 283 282 358 48 373 92 331 14 47 161 179 277 10 33 372 257 264 66 164 174 35 346 89 357 262 282 371 375 36 372 270 275 289 80 120 375 205 246 317 358 4 78 158 15 359 328 98 29 154 111 15 13 201 44 333 312 217 140 193 169 320 21 248 7 312 266 364 106 379 362 383 193 43 349 9 11 21 76 298 256 116 167 374 357 246 52 236 125 241 138 69 315 223 28 141 274 4 158 47 119 230 377 168 69 68 177 132 337 121 245 120 311 381 317 162 160 132 191 226 268 0 270 90 146 112 298 144 198 1 9 344 275 339 238 62 341 322 44 161 305
222 98 248 209 331 227 226 434 230 306 29 221 419 131 351 29 21 213 13 330 186 113 364 217 401 142 419 163 166 116 189 179 64 371 136 13 317 334 218 24 202 288 102 179 335 325 331 19 14 243 415 326 136 406 384 23 392 338 397 260 184 214 106 298 84 173 305 322 129 31 122 30 141 128 207 125 396 122 318 54 331 22 426 17 81 270 213 438 150 411 138 234 337 210 282 121 123 131 35 165 344 363 322 147 230 61 207 311 64 263 240 183 249 271 198 16 217 263 240 55 163 175 380 392 282 23 90 428 356 6 398 397 197 348 285 347 51 56 75 437 22 253 388 367 149 264 400 187 121 119 299 386 46 371 300 27 43 200 201 385 274 306 384 60 115 83 107 441 293 436 289 189 59 9 329 25 274 201 375 9 33 94 265 248 72 17 362 160 220 244 389 335 126 246 195 396 389 97 417 442 62 50 101 129 72 129 318 17 109 330 341 370 299 79 371 352 205 198 186 404 216 303 219 289
226 110 313 393 337 202 421 134 382 396 436 322 350 185 426 199 251 59 188 4 109 90 285 90 136 405 31 290 247 333 138 230 37 8 53 446 87 40 206 241 370 414 108 379 436 163 355 300 18 190 399 242 330 300 72 390 124 340 305 169 90 49 404 450 241 165 359 282 252 365 49 345 76 64 111 284 1 318 29 303 366 327 164 36 4 286 437 224 448 287 114 329 117 210 412 28 243 114 209 197 134 230 328 141 61 366 57 109 327 433 123 374 363 248 443 66 30 23 282 332 74 121 156 135 103 345 319 104 443 104 137 324 298 449 95 304 377 185 319 238 307 229 81 210 72 136 247 124 14 227 180 120 270 123 297 436 369 207 247 41 235 178 153 426 188 24 152 258 87 59 198 261 345 268 283 160 240 113 201 147 230 258 259 96 110 210 181 363 271 334 227 139 441 228 50 32 312 241 226 285 98 32 140 241 201 123 209 108 415 407 141 133 197 28 215 125 67 84 177 68 57 416 261 177 12 212 136 278
226 39 325 35 166 5 302 197 377 231 93 348 446 1 441 274 277 255 178 324 279 63 451 432 193 76 83 437 292 219 314 169 110 272 44 293 380 149 281 446 287 325 303 343 396 85 344 95 41 251 94 55 370 438 361 415 250 217 181 34 311 11 434 226 291 307 326 200 149 233 255 386 279 223 87 364 342 381 55 112 21 311 241 368 263 184 92 383 34 199 212 189 76 117 440 92 309 78 145 404 96 211 18 57 256 361 120 187 443 41 323 419 308 35 313 286 259 352 83 409 161 188 321 105 178 389 156 330 293 299 169 441 59 26 320 269 180 268 70 221 23 186 187 289 272 37 246 144 130 257 357 150 143 199 173 221 412 114 342 202 157 202 415 284 316 120 45 175 439 206 158 294 421 368 349 76 148 255 202 387 142 59 335 0 13 335 451 173 192 96 156 32 100 325 215 94 374 322 401 379 445 43 144 226 181 88 146 190 109 343 315 104 180 368 257 26 426 11 423 361 63 234 310 61 244 53 426 121
238 40 139 297 421 22 272 321 213 257 180 173 168 321 462 235 71 326 182 320 358 268 98 371 153 415 147 27 216 236 339 283 184 20 144 398 369 452 416 246 40 401 127 277 306 6 200 454 401 262 226 12 71 344 210 174 297 184 6 321 442 293 211 107 225 132 25 50 116 319 223 114 143 206 474 164 58 278 274 368 82 319 163 419 71 387 70 106 203 307 181 306 57 195 404 469 201 27 474 165 277 177 131 10 315 472 413 95 193 213 61 83 394 202 147 431 68 190 220 216 280 142 86 453 101 84 401 34 323 316 348 350 245 205 18 45 74 340 142 150 118 358 88 302 305 296 416 253 245 446 473 250 345 228 80 265 475 28 369 203 169 374 463 429 41 470 248 82 420 454 455 196 423 140 374 8 98 304 354 277 475 132 427 153 365 472 223 200 199 317 264 304 18 458 294 205 98 292 415 402 342 278 462 177 361 71 179 187 273 475 255 282 26 190 89 356 439 50 56 401 438 406 139 437 171 296 9 94 389 49 16 248 238 198 210 466 58 192 104 325
238 163 295 215 442 0 471 212 252 110 340 73 141 54 165 341 237 130 84 50 346 26 215 281 452 277 22 347 191 2 309 235 36 167 110 475 428 256 130 455 169 27 377 242 193 26 385 266 244 396 209 1 174 121 22 355 198 216 219 462 400 314 129 171 291 377 197 225 199 179 351 263 204 443 36 262 203 119 256 77 4 247 170 183 276 134 247 6 27 135 102 87 256 104 361 12 308 231 102 184 155 311 287 231 317 385 161 384 185 232 15 148 387 137 190 395 90 416 30 438 38 428 425 433 46 240 105 326 161 403 394 402 211 80 285 75 228 267 183 64 382 395 424 442 454 54 411 237 114 305 206 180 288 30 139 107 117 362 133 78 84 232 414 319 153 207 409 77 164 131 278 12 473 344 51 303 309 205 121 428 180 340 215 451 173 219 439 445 367 222 225 270 211 52 296 277 322 28 179 337 465 323 129 311 359 320 90 22 452 458 60 60 229 39 77 127 102 129 218 325 420 333 81 153 308 130 1 123 173 310 446 107 434 233 107 280 211 398 28 413
242 8 67 414 202 255 463 281 212 207 105 453 25 381 225 54 370 21 301 444 311 164 57 63 8 8 472 209 40 146 407 130 277 166 46 106 67 174 129 157 12 108 119 126 35 284 223 433 346 87 76 210 272 375 355 381 334 389 149 25 169 7 28 271 76 128 43 189 287 153 13 385 188 313 462 159 428 79 161 258 386 325 325 363 182 408 239 200 220 153 126 454 45 218 152 232 352 348 133 321 444 283 338 434 415 231 443 57 331 222 50 236 409 258 365 101 435 308 36 107 162 465 279 94 381 297 321 113 178 376 273 480 124 182 149 396 60 255 335 183 365 75 100 466 121 254 69 89 256 259 67 258 238 349 461 72 191 326 266 432 414 260 351 341 9 101 221 425 177 467 8 57 390 310 324 390 205 366 213 307 455 126 32 361 287 347 350 382 68 103 145 423 339 56 346 191 447 7 410 182 314 357 245 126 429 47 439 4 294 80 200 275 171 109 22 296 13 171 247 168 383 120 212 218 445 456 429 58 243 436 290 266 7 9 319 382 65 408 316 182 185 137 44 195
246 167 437 430 111 365 278 424 318 122 301 304 50 172 173 167 477 143 258 10 481 242 15 177 341 302 68 99 292 319 297 98 300 436 128 335 49 103 459 460 310 177 17 466 17 442 188 487 244 460 93 173 239 26 95 288 123 145 24 490 488 383 456 260 249 273 481 332 424 392 275 453 257 108 283 52 195 19 373 156 86 349 176 42 109 368 303 342 354 17 210 293 203 254 180 415 389 178 394 10 379 56 299 442 452 35 223 360 210 81 91 16 263 455 443 25 283 55 394 403 265 345 89 84 417 429 14 51 452 87 152 56 376 447 207 13 144 340 243 124 250 44 7 489 8 169 148 85 400 2 207 24 307 185 130 67 52 318 480 377 425 134 20 285 400 411 154 371 361 31 144 458 352 348 88 69 179 421 96 74 53 157 360 264 466 156 373 436 306 86 196 221 339 429 43 435 341 369 11 442 42 323 389 383 236 32 276 188 314 154 313 37 190 16 201 80 127 133 115 4 90 234 331 13 122 143 73 93 167 160 3 208 455 191 112 392 269 303 146 264 470 281 259 469 72 247 211 177
250 8 272 487 391 122 88 398 2 33 419 477 370 498 484 199 219 460 123 91 347 98 353 374 329 100 1 395 255 407 287 492 247 1 188 287 120 495 351 443 34 297 358 495 356 358 397 183 290 81 21 31 372 326 18 16 321 257 143 413 218 404 40 297 372 269 14 346 187 490 283 394 397 13 178 340 457 106 370 476 279 114 421 482 329 328 72 416 26 158 276 420 369 341 279 414 371 315 437 295 135 20 458 453 104 293 197 132 182 157 188 404 403 277 410 139 120 203 67 23 161 307 0 427 75 449 357 177 456 303 347 121 380 339 491 246 122 74 311 246 325 443 159 176 397 450 181 128 173 40 436 184 38 386 111 367 36 115 408 47 135 370 457 461 223 15 232 343 475 486 470 390 492 201 251 459 349 172 60 81 150 245 223 63 450 113 300 381 61 52 488 105 237 200 244 277 151 95 163 183 288 152 382 253 114 475 497 0 360 270 260 426 53 161 410 182 47 316 397 108 457 143 252 9 160 184 227 306 210 321 11 278 318 236 211 163 137 166 283 252 56 171 79 496 279 161 360 41 439 54 170 398
254 116 132 298 366 96 205 324 459 58 416 485 244 268 2 206 318 338 335 63 126 210 100 19 206 348 276 83 414 297 388 165 412 498 471 277 370 63 99 177 501 357 436 288 373 182 253 288 215 498 447 216 163 372 288 476 502 348 338 290 83 179 320 21 30 247 492 149 480 292 328 157 432 23 101 353 216 369 299 434 107 419 9 407 215 421 342 259 291 476 320 350 171 113 32 485 353 434 107 504 434 86 133 492 297 138 313 307 165 458 326 63 72 413 171 123 442 326 79 242 403 401 243 267 33 4 108 106 220 51 193 49 103 141 448 346 503 100 5 376 237 151 11 497 413 21 16 463 390 95 407 385 34 457 21 335 346 346 320 418 54 196 298 88 47 384 505 66 104 203 218 496 129 284 357 241 418 302 226 24 375 283 227 14 148 110 228 499 228 35 364 170 501 35 445 455 341 501 119 167 16 460 325 156 314 348 311 51 241 40 165 74 22 388 418 445 258 406 67 222 71 330 235 131 209 143 410 329 127 454 63 458 32 288 231 78 412 24 475 127 458 375 419 160 377 187 422 176 493 215 156 8 449 149 241 264
258 187 252 334 511 223 453 277 260 392 475 486 118 142 177 93 364 313 67 125 124 515 104 104 431 325 54 307 406 255 69 266 449 320 44 449 512 32 491 494 129 242 114 288 181 314 95 230 131 0 199 165 208 232 80 327 417 253 196 440 398 480 3 342 44 514 470 112 476 417 485 231 46 490 509 316 9 163 406 484 500 372 18 137 488 143 434 453 40 3 2 97 130 66 282 501 275 202 514 73 205 132 454 299 362 80 141 475 217 306 170 67 23 64 508 457 470 197 513 64 491 185 54 512 3 455 421 418 213 315 218 324 101 139 92 429 354 82 279 202 400 167 141 310 334 360 171 64 380 258 128 113 311 165 506 339 34 204 329 402 448 429 36 508 441 283 488 56 25 24 405 358 449 202 86 213 511 390 484 34 394 292 92 188 324 496 346 450 335 461 349 53 76 350 508 94 118 14 436 84 369 69 299 150 426 501 228 177 72 90 74 347 408 340 165 426 352 130 347 467 442 303 493 322 459 127 500 280 395 442 179 436 334 256 321 422 477 345 504 495 14 398 215 216 319 200 462 336 387 62 280 381 479 344 82 369 93 379 306 25
262 141 400 73 366 213 72 473 307 340 200 409 249 193 89 209 201 273 489 452 92 110 75 232 452 508 440 61 80 26 271 30 513 229 140 111 159 519 511 325 59 298 154 476 260 361 184 514 142 325 487 348 69 336 166 496 88 227 122 512 19 521 405 228 424 482 85 81 461 397 48 185 329 499 114 24 390 283 457 221 298 259 70 408 12 59 215 513 0 400 195 116 218 83 503 385 472 330 282 492 39 276 374 257 442 491 448 302 218 280 475 219 306 362 452 272 6 409 515 257 40 98 382 129 502 65 447 79 181 382 130 435 328 354 455 359 423 485 2 322 76 167 389 184 315 502 200 123 472 228 157 380 53 111 202 210 311 262 201 341 422 97 368 174 338 464 33 341 184 46 270 75 367 357 392 196 318 100 488 501 58 240 464 117 280 495 42 480 79 346 240 130 153 92 356 59 249 226 100 460 109 237 55 29 404 42 383 5 121 193 374 41 141 437 60 375 291 426 471 496 99 472 438 469 153 466 226 344 359 467 489 324 53 192 162 311 455 61 347 521 459 98 515 70 29 501 421 114 174 40 478 193 144 132 167 0 107 85 375 40 196 53 228 241
262 62 335 435 70 99 153 4 57 221 349 406 46 173 152 491 46 473 22 241 98 367 106 188 3 56 88 514 23 93 382 413 276 122 220 302 50 444 305 89 508 468 494 97 46 461 307 304 227 285 346 61 269 88 78 274 161 7 150 388 7 25 313 382 154 318 174 419 251 522 212 455 495 296 178 199 241 395 421 227 212 305 102 478 392 372 153 340 242 486 385 180 254 203 103 347 516 237 13 170 27 296 396 141 315 472 263 426 356 282 137 490 305 465 291 1 266 489 517 273 72 460 408 330 286 422 7 10 431 248 406 241 90 339 366 251 70 79 365 73 517 187 392 58 337 359 166 211 92 451 100 95 258 324 233 212 471 423 302 373 255 192 49 174 47 407 443 523 185 504 363 440 422 491 243 523 444 4 386 465 84 54 146 46 369 222 134 16 513 182 287 101 216 167 192 126 74 72 187 34 201 326 74 14 258 478 334 53 202 222 104 97 371 56 126 46 449 390 156 49 77 33 300 430 342 119 498 288 406 474 421 337 301 255 366 263 462 414 135 321 510 68 82 471 69 421 179 506 237 96 90 421 166 231 289 472 255 404 64 121 417 423 396 162
266 107 400 480 30 294 283 137 170 407 482 25 191 376 406 266 394 376 237 203 521 197 157 301 108 250 166 417 388 165 441 154 125 49 342 50 202 422 472 492 334 309 179 441 228 163 150 198 453 305 31 386 199 267 495 214 340 514 191 43 122 458 218 147 117 344 344 196 72 429 87 4 397 458 116 21 369 328 184 517 395 352 313 3 492 332 347 237 456 263 523 302 162 329 527 301 95 60 407 233 495 278 284 106 371 256 62 13 201 248 205 141 428 317 187 98 263 226 103 287 436 223 70 320 29 491 4 313 448 346 56 285 9 168 15 484 14 249 397 6 99 53 272 256 156 212 141 330 2 67 310 217 325 403 113 326 346 265 329 530 60 1 65 409 392 447 361 513 21 486 147 143 343 250 330 134 37 335 351 325 521 247 18 151 78 26 92 278 51 137 385 299 1 345 457 207 348 520 44 245 27 342 0 215 273 149 274 265 462 290 96 28 325 178 488 392 521 474 358 345 466 55 303 283 403 399 217 141 486 336 337 157 211 145 437 350 345 72 417 531 326 211 233 2 349 481 115 343 455 104 249 264 494 93 459 165 163 320 295 131 290 186 523 324 387 435 184 476
278 44 383 451 29 227 471 292 64 271 43 97 321 536 262 283 64 207 335 499 4 96 248 241 103 96 508 501 511 194 138 388 372 25 274 7 335 226 545 387 54 17 288 426 69 531 286 47 248 493 400 151 110 391 31 55 238 411 319 409 131 310 283 180 514 62 519 494 372 98 121 292 30 199 326 135 490 514 7 148 109 471 379 73 42 494 144 109 451 197 103 40 530 292 244 151 67 382 260 246 207 301 425 80 435 117 190 111 419 201 276 190 352 129 397 37 292 117 542 74 158 86 70 112 428 160 125 467 221 270 324 451 129 542 39 458 32 227 410 128 209 3 394 106 240 23 213 301 300 457 254 266 84 445 176 370 398 72 355 375 180 11 190 453 114 555 245 142 159 412 36 524 445 66 284 401 438 463 30 49 370 437 79 403 163 547 501 102 137 23 323 81 498 119 288 116 304 470 374 432 162 435 211 274 411 159 112 280 473 439 126 150 62 154 440 122 423 444 436 198 496 447 144 9 145 108 517 222 164 495 49 377 181 247 33 51 554 449 526 139 151 376 280 379 423 111 56 323 75 482 353 379 511 382 163 166 429 292 278 335 87 160 42 445 431 480 107 135 202 420 415 410 41 309 83 350 163 160 102 372
278 180 553 423 394 366 327 15 182 464 130 39 33 146 308 64 435 415 243 35 199 440 257 501 180 220 390 107 454 264 267 72 232 297 1 253 65 371 21 47 117 41 529 364 152 170 44 14 319 505 178 96 313 184 451 215 434 328 112 179 423 32 485 453 84 537 119 349 468 135 140 509 454 418 48 322 83 139 323 9 237 375 326 287 502 253 181 264 343 510 352 380 419 254 262 32 359 196 340 191 423 491 398 93 441 480 75 314 43 372 407 186 495 114 435 448 284 39 548 83 361 38 498 191 421 328 303 62 73 83 207 13 249 173 369 74 278 374 316 100 319 255 486 492 250 524 294 410 35 336 530 13 93 519 214 520 4 192 250 376 26 221 202 21 302 238 340 315 90 385 301 137 487 341 204 267 115 156 169 248 168 186 170 245 212 359 466 460 342 56 538 453 554 131 267 402 391 34 479 184 350 318 236 186 32 33 123 451 387 19 220 551 259 467 59 126 259 435 513 434 15 221 163 493 462 530 118 41 149 161 392 314 473 381 493 541 334 214 220 447 367 346 484 18 15 431 133 65 252 360 355 54 247 216 141 126 31 253 90 439 486 540 158 490 321 68 49 219 145 225 91 50 378 238 321 554 390 260 299 133
282 273 349 114 22 194 70 242 407 282 330 444 370 462 210 223 362 398 553 261 261 411 330 38 496 387 142 375 45 244 189 246 63 342 356 277 297 469 229 294 161 193 544 121 178 109 394 332 127 82 300 211 371 236 396 544 491 340 487 197 519 215 172 275 238 322 539 450 140 150 321 283 518 327 40 19 50 189 469 476 153 361 444 230 145 84 425 103 12 419 530 15 152 343 9 209 272 45 330 324 207 284 438 361 491 208 238 274 108 80 467 87 136 482 473 81 84 371 173 527 86 3 173 207 484 425 531 382 288 388 197 469 410 390 438 244 386 88 154 11 498 442 396 518 512 462 119 447 303 380 209 270 424 133 465 390 62 441 190 493 448 83 162 515 388 181 23 271 149 307 241 143 335 491 471 540 38 139 100 201 358 261 265 161 98 387 494 557 246 234 9 402 159 514 152 67 557 249 246 534 358 353 475 148 186 445 71 211 558 408 337 295 71 525 157 243 285 114 191 226 345 79 469 150 92 455 476 69 486 41 7 351 256 82 384 391 24 539 433 161 64 419 542 207 508 424 358 84 116 95 561 101 171 39 423 474 499 178 307 225 494 177 190 339 542 194 180 28 279 96 513 92 389 490 26 284 537 429 361 6 224 423 416 482
286 65 46 275 221 155 230 213 164 27 144 95 382 98 102 222 344 328 45 286 246 82 567 211 509 220 92 503 291 537 425 231 141 365 288 198 23 383 209 149 132 224 152 267 519 303 232 525 25 260 216 130 182 406 406 269 123 276 83 208 178 206 288 214 432 341 415 40 524 7 182 57 386 164 403 10 525 452 411 219 548 282 434 504 448 350 270 315 372 25 516 233 559 168 57 33 368 279 486 433 409 277 480 322 47 30 176 197 279 81 193 95 407 374 481 103 280 217 259 374 120 229 57 351 510 123 389 326 147 298 510 112 27 77 154 391 145 121 257 297 222 9 98 280 205 445 325 404 100 308 8 57 270 515 489 400 430 545 393 381 549 27 461 164 48 314 235 109 334 315 449 208 493 387 104 478 232 325 334 156 247 501 244 50 191 189 488 207 203 314 85 22 356 308 279 3 79 403 117 476 101 186 384 388 283 463 380 255 545 4 410 203 345 137 247 491 163 542 291 535 498 487 135 521 497 246 480 333 500 302 438 34 91 227 519 444 12 542 500 373 408 383 3 50 459 175 138 59 545 422 166 537 450 177 72 239 264 267 45 337 319 418 461 347 57 521 347 412 280 385 54 439 370 8 140 206 243 388 63 55 366 1 533 521 7 415 106 204
286 43 216 177 454 176 349 399 33 517 412 519 537 51 148 433 445 249 111 566 222 47 434 387 4 165 414 89 187 25 484 176 526 272 530 86 59 48 463 541 232 300 131 217 481 114 442 514 125 161 47 156 219 437 434 81 339 3 110 116 189 180 350 522 478 99 241 149 21 462 538 332 68 532 553 156 265 249 409 474 287 473 109 421 16 463 269 451 517 364 42 148 569 19 468 432 267 568 465 454 5 263 196 399 283 498 415 274 31 474 480 68 102 480 4 214 568 551 401 285 533 533 417 445 69 6 90 333 437 442 115 88 236 219 481 439 556 16 326 346 570 334 413 354 472 24 411 251 185 482 486 357 324 210 188 48 274 542 184 190 271 147 62 314 541 479 53 460 475 195 88 462 402 227 52 436 207 224 363 127 93 397 176 125 3 406 334 410 222 495 541 185 177 384 522 233 344 423 352 464 268 123 393 54 157 353 65 527 261 448 71 562 366 464 493 158 306 298 455 117 148 177 94 71 482 117 206 378 257 399 416 502 489 120 297 494 400 102 498 534 207 247 125 334 304 312 314 425 163 377 511 522 380 320 299 429 514 121 464 25 341 433 229 64 513 199 409 353 240 423 273 533 266 541 373 179 274 391 339 514 299 516 329 399 445 120 423 535
290 172 458 321 357 370 87 312 364 301 130 294 139 93 283 145 137 30 406 391 168 158 439 0 565 21 343 453 412 574 221 362 282 578 373 341 257 343 108 44 392 161 202 491 544 279 236 208 30 460 254 61 264 349 283 92 498 147 53 576 249 220 381 545 448 127 386 191 26 401 385 463 93 225 490 441 288 330 171 514 516 572 57 507 266 41 560 558 411 296 11 533 532 11 415 48 268 59 180 353 550 294 243 420 524 372 374 164 50 230 190 463 530 556 80 140 103 361 256 273 140 194 4 453 548 218 335 530 464 478 46 243 143 390 195 303 99 104 40 66 570 291 292 578 326 261 167 131 319 62 330 165 471 490 49 93 319 319 381 76 131 475 346 488 525 112 208 81 242 48 164 62 149 373 403 498 239 252 344 517 8 121 556 39 522 452 166 471 528 434 471 319 62 535 12 433 149 271 517 98 432 387 29 464 306 369 190 55 477 384 312 416 270 294 230 48 392 432 569 191 273 280 469 148 372 304 242 396 561 477 471 389 142 225 147 488 574 517 337 185 256 173 1 155 187 423 127 414 343 428 427 289 413 302 308 518 154 194 260 92 333 342 315 505 503 15 308 395 49 350 572 213 41 191 71 132 94 302 28 115 263 466 343 58 475 429 136 308 189 504 60 89
290 182 369 53 277 482 434 1 409 378 417 422 40 291 234 24 262 504 262 79 70 328 30 549 552 191 403 510 326 2 107 394 250 432 215 391 16 66 11 256 447 34 164 395 233 271 67 137 447 567 41 359 571 108 363 400 572 132 89 179 520 354 245 378 369 396 251 38 329 431 22 121 412 356 291 53 351 280 222 442 34 480 439 339 423 411 59 131 481 134 369 163 131 552 433 567 451 463 60 232 237 324 405 61 337 317 418 138 394 279 512 142 221 564 343 419 149 573 245 29 435 203 177 511 312 91 426 184 18 109 283 460 312 551 554 406 359 548 421 491 56 158 60 268 522 144 413 257 245 128 176 33 101 159 63 46 281 90 167 86 440 303 448 216 72 477 41 275 455 236 231 258 28 168 504 133 339 78 75 479 118 503 40 99 88 317 190 547 483 551 21 438 78 241 258 22 46 282 23 429 386 535 563 555 279 492 412 412 40 146 75 579 482 16 527 558 130 193 226 411 516 170 98 145 342 142 535 137 302 177 563 301 328 223 561 519 180 203 349 426 384 82 150 149 560 227 280 512 311 41 140 264 347 70 444 513 123 353 539 236 493 475 0 309 352 205 429 337 122 458 480 170 406 278 335 53 379 512 99 148 167 91 415 70 79 67 136 317 75 185 220 153
294 73 96 535 317 143 386 328 164 442 88 516 195 511 567 94 424 220 421 5 459 508 537 92 459 1 122 565 420 247 23 325 542 78 336 423 160 323 551 291 461 455 65 400 60 486 455 53 504 211 77 78 110 459 346 5 57 98 193 532 556 234 288 391 20 327 398 456 480 228 248 581 164 163 587 242 116 256 27 403 31 248 103 250 266 318 235 296 550 34 331 102 454 430 543 120 489 568 139 187 326 216 6 208 467 237 553 220 213 353 470 122 169 545 218 317 579 138 59 516 471 518 340 374 492 428 145 360 329 348 24 402 431 467 456 352 320 72 174 479 293 117 183 404 217 2 406 320 76 384 453 451 172 284 4 271 16 134 574 137 132 153 198 390 308 403 471 581 120 522 396 232 331 322 87 356 72 449 579 357 164 259 252 514 317 526 388 470 372 393 249 556 533 426 455 348 498 495 254 118 323 279 450 425 83 165 156 192 223 493 518 495 56 566 587 127 175 198 352 50 349 124 275 342 450 494 96 584 275 557 334 552 68 306 283 422 159 445 134 245 163 81 503 263 273 280 223 121 88 179 95 572 221 105 20 133 346 495 420 536 35 289 487 256 397 536 496 554 150 145 415 513 407 570 524 571 172 535 479 81 262 47 274 224 483 193 34 75 159 358 211 357 516 421 83 114
310 89 291 343 609 164 265 487 36 566 58 408 331 259 325 101 565 548 380 65 465 549 81 517 69 61 283 222 315 534 542 79 343 386 94 618 304 455 584 245 359 257 403 294 275 550 143 471 409 210 220 191 43 211 308 560 234 393 314 527 245 202 157 358 95 548 307 455 133 521 524 5 92 161 228 497 273 211 128 302 76 267 469 443 354 470 520 515 20 334 570 519 477 525 301 260 138 129 563 209 22 464 232 140 262 457 618 157 119 533 75 379 532 187 576 266 390 96 86 537 386 142 158 607 154 146 289 563 536 471 280 539 208 41 302 288 589 592 44 544 515 392 495 408 173 314 564 29 371 235 508 29 345 362 446 613 164 396 47 606 76 270 85 539 193 558 413 570 291 524 353 512 283 489 213 308 382 570 42 415 324 213 446 490 12 141 78 65 84 560 418 282 265 47 142 210 107 123 293 53 619 555 228 242 10 266 414 157 537 60 100 222 99 140 42 118 13 299 262 120 21 431 561 476 230 49 72 80 241 16 262 506 130 284 62 9 221 142 24 176 390 546 205 61 263 102 290 539 604 425 572 484 401 452 62 481 5 516 603 252 169 451 108 506 58 522 45 349 439 130 142 192 311 278 372 300 575 277 27 24 519 612 476 198 546 198 582 427 75 25 147 230 22 585 376 198 233 200 610 12 345 456 450 517 411 506 424 399 479 268 270 542
310 226 608 471 597 449 521 552 378 151 446 191 150 255 428 37 503 453 267 106 43 150 401 201 252 440 406 177 289 563 476 600 359 453 421 287 577 446 33 82 298 62 256 40 374 319 171 30 490 7 386 602 263 489 462 232 458 101 225 160 527 373 141 40 364 189 566 172 367 53 579 191 431 618 603 413 597 178 381 150 230 235 297 537 203 74 4 180 19 463 344 392 21 190 531 112 580 6 572 106 164 131 72 326 129 519 148 5 0 296 349 38 369 494 279 227 568 608 175 211 251 314 145 373 611 168 105 272 424 606 203 235 315 81 306 116 149 551 260 133 600 53 261 428 223 483 284 202 183 336 462 454 239 43 419 202 529 21 192 423 246 485 383 278 72 220 274 254 579 42 205 287 525 582 130 441 592 467 326 601 196 613 334 320 400 157 398 154 593 220 598 76 493 383 52 410 349 600 558 85 415 36 308 332 247 220 518 526 151 58 79 590 360 198 332 460 117 410 146 198 66 551 504 346 199 94 441 327 556 234 261 601 121 116 160 115 189 527 222 131 459 320 383 537 326 345 582 552 305 72 339 341 405 609 181 534 255 589 312 587 497 278 217 480 400 343 321 271 315 191 486 95 176 265 87 367 566 120 580 479 243 346 66 246 281 374 335 378 452 557 401 435 275 141 61 284 360 206 537 338 155 460 477 96 328 249 101 247 113 109 330 460
314 98 118 23 428 63 168 574 404 299 10 402 241 282 399 237 443 94 143 283 266 289 252 152 264 160 338 264 185 534 245 564 38 570 62 49 230 69 126 75 578 192 144 209 223 77 599 284 236 395 290 10 591 236 223 401 277 522 329 95 537 396 493 617 32 123 204 51 81 238 429 54 446 53 148 372 108 172 407 350 429 8 283 112 82 623 360 119 225 493 459 617 98 96 358 119 592 617 409 538 150 246 324 550 593 461 282 291 230 425 371 346 238 561 238 531 280 270 343 446 31 435 83 404 419 78 390 177 555 559 549 24 437 613 282 78 272 256 117 33 460 283 385 505 482 213 609 249 481 319 23 457 136 412 320 244 78 28 234 130 456 518 558 596 42 454 140 28 196 120 482 256 378 456 102 330 553 106 617 505 363 479 194 563 575 337 345 389 559 517 552 128 368 220 524 357 298 64 48 227 405 101 213 299 424 502 268 182 88 101 484 338 358 365 457 475 624 534 382 161 518 2 168 565 433 196 560 556 63 580 358 403 329 423 54 409 104 561 162 51 276 0 125 403 179 610 152 27 593 132 10 30 149 163 581 143 420 446 18 160 45 51 559 227 407 94 154 45 159 454 169 8 216 620 408 451 588 110 407 266 239 495 523 117 606 620 4 397 566 247 164 377 38 330 502 242 228 586 128 320 579 401 442 515 553 40 248 484 67 348 415 321 502 255 142 156
318 100 141 90 162 126 106 262 335 616 91 29 158 464 316 61 442 11 292 446 195 468 44 254 626 501 402 257 438 589 381 557 255 215 414 29 314 307 549 30 218 64 512 281 443 422 538 137 544 400 274 44 406 257 430 604 389 430 337 471 391 255 184 184 315 490 435 353 289 330 325 366 134 53 281 527 289 493 319 535 583 537 273 415 262 55 414 441 367 482 317 103 625 369 456 476 386 419 599 317 427 438 149 125 194 625 48 407 593 377 396 261 522 489 52 130 481 79 520 239 223 201 229 474 504 258 564 489 341 605 72 342 580 235 362 511 567 101 627 528 67 401 596 350 470 369 385 369 506 195 168 479 245 109 585 361 595 112 624 456 597 362 169 342 137 33 417 23 35 385 536 405 282 34 458 293 469 278 87 377 258 426 488 381 72 248 152 246 20 166 589 115 481 444 449 292 585 551 300 385 24 588 43 476 307 595 2 441 446 390 388 230 332 520 602 491 200 559 530 206 481 84 553 25 121 607 528 460 256 557 344 259 77 560 44 125 128 118 589 539 158 468 129 260 274 67 573 518 550 317 470 559 299 107 87 299 88 338 484 562 77 0 84 226 576 153 523 27 482 140 583 307 395 475 448 462 243 181 498 30 522 42 543 403 63 150 298 253 378 86 58 230 8 260 555 127 200 606 141 520 349 575 70 428 628 79 547 410 226 534 598 289 414 581 370 341 328 615 467 628
318 242 42 489 314 12 134 189 559 78 311 63 240 137 125 563 479 151 94 629 199 340 279 334 324 251 368 403 304 236 609 198 57 283 90 114 277 595 584 29 493 469 168 172 604 472 77 50 17 502 427 540 172 335 165 309 181 302 328 591 545 59 250 265 156 528 373 603 126 30 240 128 35 54 451 141 404 16 551 8 559 461 601 289 542 584 170 207 622 22 630 129 311 469 374 127 337 157 26 59 114 325 606 202 538 226 543 474 438 76 454 263 273 110 413 574 29 23 457 369 285 159 79 25 366 288 32 426 427 238 302 32 479 549 117 572 395 270 565 429 200 380 455 354 152 391 139 195 325 83 94 125 294 371 444 396 262 445 458 318 421 276 417 214 581 620 558 585 428 107 366 380 397 344 194 442 218 528 99 40 277 341 496 37 545 480 308 124 405 602 81 624 16 84 69 268 597 412 429 200 600 181 318 221 290 169 321 327 552 190 351 347 86 352 94 126 281 494 19 606 292 392 397 174 290 293 431 196 572 344 394 99 94 289 317 550 539 411 573 553 350 374 386 166 476 478 265 367 130 361 403 222 125 519 578 243 124 427 616 389 68 376 324 451 554 507 29 314 124 325 546 11 375 619 445 233 11 3 390 1 218 577 464 251 463 215 349 489 588 45 11 570 561 141 227 397 479 405 238 138 490 158 17 218 321 23 367 280 434 506 39 250 151 139 82 575 464 328 455 585
318 110 471 383 365 180 456 559 42 229 336 111 240 468 437 122 628 592 326 514 351 435 509 298 199 228 30 441 569 542 365 39 186 441 160 408 46 379 137 11 266 185 390 592 598 104 371 364 411 467 472 119 465 430 542 594 61 579 235 608 1 263 135 394 437 558 460 609 177 592 555 628 294 63 301 210 272 391 63 601 419 395 102 136 176 625 502 135 510 24 571 437 361 577 540 120 560 33 347 506 60 133 608 477 343 542 532 434 86 207 489 383 277 169 351 228 225 145 337 416 397 513 309 129 175 446 458 411 22 64 158 476 222 463 607 3 180 359 95 46 456 300 209 230 449 109 344 446 383 591 327 51 571 481 132 581 163 440 401 69 540 131 355 509 178 554 564 35 460 358 586 504 235 178 475 57 202 55 172 532 30 231 105 388 580 200 311 247 318 200 165 440 12 58 7 428 333 607 425 203 591 478 543 613 278 89 14 242 129 142 214 164 95 627 413 383 356 90 9 162 570 472 484 54 494 483 6 386 553 66 160 230 623 220 624 246 185 59 494 449 446 112 287 392 128 317 73 91 45 19 534 216 631 132 431 593 530 17 227 189 158 77 437 44 65 152 565 294 55 591 629 623 348 564 387 324 547 152 274 257 386 28 129 216 18 78 378 259 300 343 397 521 229 612 366 580 337 249 155 573 462 546 444 454 81 417 75 30 210 54 70 236 394 391 183 362 370 179 110 35
326 217 550 605 360 590 583 155 542 484 45 617 202 422 620 263 166 421 122 73 511 580 454 459 626 484 333 42 311 577 388 644 98 309 527 179 322 43 638 140 345 33 572 618 512 111 596 411 70 462 276 484 460 42 12 288 119 383 249 277 288 112 43 545 147 520 290 528 292 462 30 48 26 536 415 294 336 249 594 393 454 352 598 367 283 640 616 7 43 306 219 286 195 433 551 524 175 67 254 155 644 170 593 637 234 279 144 284 249 487 344 465 466 89 85 597 614 391 100 460 271 614 65 170 90 94 622 405 208 360 247 638 632 553 334 81 26 458 208 450 472 355 619 259 525 511 35 11 469 276 451 265 316 136 170 258 28 536 11 134 480 174 500 563 104 31 99 364 621 126 349 7 36 519 166 378 483 406 198 202 129 264 542 354 571 374 565 255 114 169 75 586 345 498 261 470 297 261 421 205 113 411 227 645 595 238 649 151 434 299 619 418 75 180 411 440 486 37 286 457 40 334 388 592 423 83 538 108 624 543 67 325 511 213 364 412 626 296 489 320 419 573 241 491 424 334 330 333 411 606 385 203 439 159 239 486 556 178 340 576 445 267 352 168 515 132 466 554 183 503 22 100 144 168 648 152 242 394 396 599 529 383 180 30 476 356 424 520 532 648 54 28 576 273 71 322 154 36 642 294 224 372 565 396 33 182 549 565 638 388 393 649 451 195 282 191 54 591 113 474 66 335 143 419 490 3 448 93
330 327 42 654 313 460 361 155 469 583 14 427 538 348 8 46 565 159 540 637 448 397 601 212 561 198 0 563 357 651 542 134 127 424 94 15 642 636 351 424 396 421 188 582 96 145 222 478 410 109 135 242 404 656 27 492 560 487 346 426 36 84 564 631 78 443 618 430 635 291 608 156 260 338 258 392 484 166 119 235 14 413 186 35 566 554 404 253 153 642 443 71 265 331 38 315 199 503 109 449 235 235 475 256 132 78 604 207 305 444 564 146 64 383 5 222 479 80 113 576 307 625 408 263 125 52 257 659 568 273 253 560 392 263 358 191 216 155 262 393 439 130 431 526 496 235 115 420 623 96 220 187 234 89 122 163 625 293 513 223 150 545 172 73 338 283 461 431 623 39 139 73 146 490 107 658 268 46 80 29 420 550 132 396 311 72 284 279 118 443 551 497 239 484 622 25 653 447 332 473 297 311 156 405 401 481 427 249 190 278 385 289 201 358 50 163 215 162 210 191 273 433 658 651 124 195 226 95 523 452 67 550 16 368 301 80 399 54 598 287 313 376 489 3 479 269 43 44 82 566 427 143 164 381 568 460 161 484 380 624 125 468 509 75 183 241 367 95 240 83 651 320 291 656 547 145 83 38 569 604 312 545 483 195 379 4 326 126 246 195 406 40 514 479 421 136 542 129 568 163 340 466 381 529 142 303 6 334 367 131 291 153 444 379 295 539 333 285 409 395 162 339 428 84 633 636 406 25 171 329 110 64
334 54 583 71 622 473 7 66 341 220 468 560 526 62 517 200 435 238 111 14 519 427 638 479 556 269 364 79 579 114 109 562 124 37 213 554 249 86 173 605 58 247 120 376 203 288 396 589 327 17 126 39 450 182 565 658 529 80 148 345 408 431 587 50 211 155 392 545 293 493 77 279 172 248 189 587 266 187 41 532 438 553 482 648 591 418 465 525 511 379 666 130 78 187 8 501 641 50 511 104 339 623 589 243 558 198 346 485 624 191 350 69 521 636 298 244 3 539 98 324 480 556 438 282 541 546 317 291 191 231 45 619 336 281 263 129 397 459 147 490 320 274 449 108 237 5 472 92 83 601 558 1 67 564 102 338 73 521 524 409 525 235 136 554 169 513 258 587 321 639 40 527 231 568 296 239 615 483 206 262 297 210 508 634 452 416 403 199 583 351 598 650 139 421 452 662 191 328 429 536 214 272 439 37 589 201 395 612 159 150 194 451 159 500 370 618 489 213 524 164 528 176 265 480 592 315 20 420 511 440 409 195 592 166 450 531 612 387 260 273 37 364 594 289 245 68 6 443 515 479 500 405 268 38 308 12 402 594 371 600 190 168 178 363 363 95 534 616 543 533 6 60 425 107 462 77 548 25 275 29 613 660 258 16 546 482 71 591 486 371 36 409 214 551 633 357 142 402 146 487 326 521 394 394 284 340 217 480 52 165 73 435 405 659 221 248 462 657 284 46 578 459 586 0 466 101 528 96 385 303 96 411 515 38 414 130
334 63 109 229 524 47 471 507 387 73 444 70 272 26 64 173 596 560 52 588 538 18 89 349 283 610 105 375 50 421 240 543 405 21 131 360 600 295 665 585 34 458 387 552 419 279 489 11 574 39 371 565 484 137 193 549 456 590 573 558 22 434 506 567 290 508 463 237 414 659 302 45 17 377 615 593 188 629 519 366 171 470 232 392 574 469 521 155 305 594 368 44 320 402 99 561 488 147 108 434 590 346 299 191 315 157 76 240 73 639 303 165 439 99 103 76 634 608 53 250 664 168 631 545 647 231 160 578 554 528 44 472 633 620 146 576 629 50 203 271 21 215 607 83 162 398 349 478 40 415 275 262 30 259 542 196 103 639 174 466 214 121 629 434 209 440 228 190 209 434 147 638 309 289 625 378 185 312 239 480 613 165 395 522 641 54 109 339 148 204 487 448 514 331 449 374 138 149 649 196 313 4 456 616 196 470 647 605 408 40 617 222 140 222 75 142 287 638 330 297 567 378 487 429 186 101 327 450 203 239 13 102 105 604 116 583 212 218 181 532 516 153 486 231 278 474 480 415 357 385 318 365 277 8 65 567 238 546 327 383 219 53 145 418 47 476 427 612 168 613 429 97 471 205 165 433 73 654 147 302 210 395 530 326 292 231 318 452 667 375 250 417 375 359 624 476 104 104 584 660 536 563 33 235 509 475 363 12 364 555 557 6 67 74 522 205 428 523 276 305 239 86 518 215 412 161 4 163 461 10 401 351 109 306 167 139
342 326 351 76 537 364 91 664 594 642 330 332 133 606 273 425 460 260 21 239 330 527 224 214 538 618 45 394 107 143 2 291 495 368 10 492 500 612 437 474 296 580 290 260 348 183 499 255 617 316 113 402 535 635 662 541 502 49 151 359 63 144 344 158 412 388 126 43 451 522 184 578 26 153 316 316 270 61 430 462 156 118 136 284 222 119 309 508 673 342 122 163 586 344 527 171 459 517 552 4 450 145 78 516 485 550 218 337 325 319 645 396 435 292 604 591 23 583 656 294 45 636 456 305 33 38 194 528 16 463 150 282 592 476 57 98 459 27 678 94 532 455 419 56 141 160 570 82 166 537 280 544 202 88 369 456 502 386 548 526 383 620 669 318 427 200 261 206 431 408 230 608 117 325 453 283 62 573 372 171 427 507 375 263 408 139 2 35 539 396 5 409 249 526 101 567 422 182 299 40 670 378 118 219 531 274 211 161 512 194 278 576 571 469 499 109 544 119 333 441 62 555 368 344 22 285 431 584 483 460 295 244 456 382 467 136 444 680 22 12 30 113 79 190 422 548 250 635 426 359 423 52 392 224 199 673 436 188 295 190 192 290 31 254 67 11 256 79 679 565 70 490 465 183 522 394 243 191 52 341 254 599 184 550 51 192 663 274 522 242 677 353 38 597 154 201 55 313 612 215 473 523 368 469 190 191 233 486 489 482 663 45 291 568 649 66 314 673 322 321 429 467 41 263 570 218 205 649 347 583 47 97 56 239 196 147 52 212 90 393 124 543 53 546
346 325 533 381 271 593 622 201 524 546 154 344 631 61 193 410 526 531 506 344 353 101 287 409 165 483 630 392 179 227 667 478 363 162 256 371 21 197 133 269 164 690 662 646 649 258 323 69 86 245 438 395 422 261 118 435 671 403 6 491 272 229 560 391 527 498 135 224 265 489 11 629 568 474 284 552 11 395 283 180 214 462 499 63 393 359 400 554 111 328 147 161 171 8 573 15 43 197 448 62 307 408 502 212 70 426 426 41 373 475 1 461 412 19 557 545 649 344 399 46 20 53 208 471 553 614 340 365 618 42 592 519 500 290 130 613 419 503 352 103 189 63 510 551 218 389 206 673 221 266 328 71 578 31 558 20 302 311 464 335 477 646 261 524 282 61 400 268 130 241 83 550 635 143 341 262 264 363 505 458 681 517 322 398 152 266 186 299 122 336 78 90 102 361 186 168 580 533 123 376 265 553 52 437 55 434 391 117 545 211 150 501 494 583 409 110 187 461 443 391 452 676 316 295 477 55 299 620 216 551 146 73 87 166 60 418 497 433 38 516 169 156 641 98 415 170 454 347 442 634 450 355 689 313 26 75 306 80 463 663 68 582 512 571 505 145 35 317 15 416 11 498 674 196 644 282 208 245 6 531 547 406 8 437 45 533 380 607 294 683 227 378 3 672 149 241 337 624 381 161 519 204 302 329 162 413 455 234 246 642 51 616 408 462 658 683 686 426 639 478 224 288 655 565 261 255 70 670 552 315 230 601 536 101 193 288 426 197 76 625 315 404 609 458 654 456 679 645
350 214 565 230 40 147 403 373 102 277 109 7 504 362 584 16 82 429 297 686 499 300 417 277 178 513 391 283 358 181 172 385 596 545 288 607 3 696 605 193 95 9 77 250 122 318 64 69 132 534 358 569 224 428 391 82 372 417 578 217 134 688 113 645 454 451 7 652 456 67 491 518 610 452 541 557 470 485 18 648 461 197 293 378 35 496 447 249 147 333 223 217 307 85 327 299 76 525 668 433 483 343 479 206 559 185 102 555 182 243 360 17 481 655 47 340 289 609 113 324 343 111 29 370 507 591 620 583 317 247 279 632 183 66 574 678 601 637 126 441 465 196 303 593 610 107 191 123 598 558 141 530 147 66 130 252 568 450 575 650 430 687 220 244 503 351 623 102 289 374 683 331 419 436 50 120 449 486 453 34 367 447 346 236 646 624 556 622 502 656 508 413 631 588 273 253 353 384 133 23 533 94 340 645 376 577 315 627 77 636 457 509 547 666 466 232 360 309 580 203 645 357 410 419 698 444 266 273 625 306 457 99 8 582 35 421 349 640 38 385 534 136 237 357 673 575 354 359 431 455 141 283 26 522 376 487 633 633 362 639 667 442 273 0 471 503 634 245 538 633 477 286 132 310 502 42 640 339 445 698 88 449 127 373 281 580 60 667 412 117 477 289 546 69 419 535 103 552 372 448 540 645 286 421 396 199 557 619 99 69 638 258 24 57 125 530 183 90 553 544 126 488 147 109 655 563 77 26 410 656 244 631 119 140 111 460 189 536 566 134 243 439 608 549 89 457 243 571 496 388 300 568
354 47 377 287 162 510 119 469 455 157 494 581 394 585 663 115 681 445 605 509 76 517 408 528 415 455 336 206 617 688 650 125 422 261 169 516 188 195 620 369 583 251 91 650 569 291 154 406 12 237 437 332 211 512 14 320 506 413 584 31 328 673 660 705 68 281 359 329 430 354 589 33 500 261 285 667 175 457 292 228 697 170 231 41 323 199 479 519 635 618 396 599 31 228 187 642 554 4 628 623 680 139 77 457 144 437 630 451 413 433 519 576 519 101 349 20 455 411 226 242 638 56 475 262 644 521 378 321 625 168 398 1 18 127 484 166 393 303 136 254 196 85 697 601 7 692 99 130 20 653 344 233 365 448 509 387 121 340 647 188 565 303 325 585 593 625 296 437 125 33 20 85 330 660 581 42 183 693 209 274 14 187 599 252 422 163 465 659 337 383 478 385 536 642 34 671 102 665 348 14 612 262 121 99 685 110 150 107 472 321 108 622 397 134 515 102 420 108 133 390 430 438 552 192 421 264 213 344 689 493 328 113 28 54 354 189 482 431 232 423 84 112 481 228 627 458 33 707 361 120 404 201 668 682 601 84 367 483 274 101 176 653 664 316 693 590 508 621 433 390 346 651 283 577 420 470 695 672 658 194 256 368 664 27 111 217 60 705 105 610 623 624 446 50 448 391 131 393 229 469 154 387 327 44 302 184 214 286 144 242 78 128 576 295 429 425 547 493 104 498 184 703 492 388 292 368 522 508 189 538 120 608 289 11 583 339 494 366 65 634 436 645 350 165 568 25 107 330 536 670 244 487 505 171 184 271
354 79 509 127 208 685 430 542 652 385 688 430 544 230 280 13 136 310 57 107 330 470 260 340 578 656 619 445 518 603 28 61 141 161 563 340 431 645 648 506 440 169 112 210 34 535 592 345 51 676 95 644 333 115 702 571 498 250 682 698 329 1 229 31 417 159 480 199 335 705 618 53 115 502 425 564 647 449 606 387 691 651 360 329 416 70 223 619 614 143 506 334 223 436 66 431 625 631 568 79 29 458 472 283 76 421 519 561 697 666 277 216 591 66 428 108 647 69 316 151 61 150 703 15 270 30 305 77 636 12 404 51 206 238 141 276 519 361 175 30 392 261 387 37 691 671 395 205 684 616 355 322 397 554 86 551 104 19 606 182 488 380 679 154 527 152 370 436 316 478 161 561 101 410 114 356 295 513 629 434 454 29 29 566 690 90 166 562 520 364 477 527 692 638 654 682 172 214 628 665 295 604 82 189 161 179 135 69 308 25 467 125 513 581 664 516 72 127 524 281 235 619 397 529 406 472 0 628 74 475 406 94 574 99 586 420 60 221 76 84 104 647 357 36 332 274 350 665 504 348 704 106 235 589 78 438 246 214 300 430 526 60 574 661 91 376 89 433 136 645 352 21 240 693 573 609 418 453 649 73 467 615 582 92 131 213 324 541 585 577 678 147 608 612 408 274 409 224 276 540 122 269 534 307 242 522 184 105 392 274 166 622 108 188 530 203 344 64 3 436 104 167 547 640 174 287 523 147 587 199 480 490 604 77 361 534 452 520 452 260 573 577 103 205 359 362 101 440 125 505 183 540 146 212 164 352
354 116 68 108 344 664 234 145 285 103 529 299 240 510 40 7 371 498 445 476 619 480 419 27 44 259 631 282 702 353 604 449 386 498 523 42 664 695 476 590 352 336 346 404 558 361 30 397 501 131 177 330 152 589 503 245 421 677 55 146 692 75 388 457 375 164 95 234 109 604 388 415 362 133 107 386 163 414 668 291 431 540 704 497 702 238 277 614 650 571 68 553 265 182 488 364 352 211 130 68 375 1 119 635 504 697 195 707 16 596 330 525 641 520 173 73 249 102 342 145 38 229 12 539 221 240 235 697 74 441 105 608 591 376 42 58 620 212 93 385 466 119 10 345 521 367 168 148 148 180 60 61 630 371 55 638 141 545 508 30 436 440 466 706 137 706 17 495 51 217 276 145 563 574 316 53 415 698 292 626 557 418 189 386 626 498 204 136 194 696 646 139 228 355 219 593 396 20 416 96 619 462 317 246 571 277 189 145 60 707 221 285 558 524 17 397 397 467 1 459 334 476 7 616 189 387 606 91 132 691 545 61 208 330 661 503 404 565 562 13 433 380 13 243 212 16 195 110 333 269 257 299 48 70 44 327 389 188 356 657 28 311 233 551 458 142 85 294 264 531 380 248 397 592 355 109 580 202 191 280 156 586 690 158 133 3 189 145 290 115 109 64 682 316 101 37 681 522 297 590 266 171 283 551 432 695 486 527 543 432 250 392 700 265 10 58 328 497 395 302 70 55 524 298 454 195 261 623 245 216 111 654 586 142 527 274 456 111 143 290 345 495 19 704 489 318 504 380 675 656 53 439 194 283 118 84
358 273 139 710 624 247 108 410 4 144 10 634 402 419 312 439 662 611 680 487 320 375 87 461 343 416 227 529 493 151 688 229 145 393 312 188 527 304 182 76 283 666 348 206 668 421 596 567 412 234 205 506 117 486 549 37 278 366 518 69 200 702 682 593 650 580 708 619 671 500 93 712 30 373 268 679 109 142 31 592 291 118 659 584 621 571 150 613 101 490 371 610 570 464 346 465 143 542 442 516 408 669 49 635 33 390 5 328 358 425 9 327 463 275 294 360 12 270 611 436 712 273 108 100 12 511 390 596 467 275 590 315 439 252 371 94 71 385 472 714 555 214 660 210 276 512 607 23 453 290 580 338 80 694 623 329 354 281 623 129 252 202 375 334 510 98 677 677 615 125 422 439 324 549 9 673 560 32 235 72 10 572 491 387 346 613 537 41 235 643 160 692 446 400 2 565 269 169 89 282 350 156 586 355 12 568 682 472 397 492 259 713 15 217 659 297 154 468 698 534 7 299 150 409 528 128 272 61 590 451 340 602 370 318 695 153 532 21 533 282 446 669 495 28 587 527 323 134 639 15 33 361 444 518 387 389 680 294 212 616 605 575 320 79 14 580 656 651 107 92 561 0 159 608 13 0 329 44 302 224 600 165 685 55 251 261 699 441 355 230 394 645 647 489 490 608 391 384 659 292 206 376 202 424 609 18 426 53 509 413 327 386 455 290 559 262 455 284 248 581 540 148 465 110 329 534 493 380 28 700 335 624 12 583 508 594 7 335 67 277 648 286 84 203 664 93 30 696 512 67 561 542 212 477 422 246 561 458 107 699
358 306 351 190 282 514 264 219 336 11 472 259 193 354 263 70 429 675 480 615 445 189 708 645 552 524 633 576 660 243 648 668 294 638 482 110 334 378 695 234 564 223 474 424 288 570 165 167 651 26 405 223 171 220 120 690 386 8 270 401 55 608 712 529 455 93 539 21 269 595 282 100 412 473 621 470 52 219 327 137 526 634 145 286 82 553 311 640 435 349 417 158 545 221 221 344 276 477 36 21 102 146 204 670 663 29 624 641 533 212 241 545 500 713 679 663 485 675 37 257 491 538 691 567 49 656 567 567 32 212 530 497 579 99 29 452 367 69 100 183 280 567 159 259 84 27 610 491 327 41 385 617 710 321 281 359 129 323 207 440 313 158 582 681 20 320 626 23 361 669 362 56 597 603 235 231 229 24 450 638 105 643 584 229 423 20 191 696 457 3 407 643 624 623 592 617 63 617 300 596 264 447 86 90 263 557 570 179 399 222 453 605 711 30 6 171 197 548 153 147 239 592 691 368 24 77 303 593 491 121 593 445 241 67 695 385 264 181 16 212 107 323 523 274 89 405 605 374 174 656 180 237 591 81 266 672 535 715 378 81 309 324 639 365 154 335 186 493 581 650 74 681 255 431 627 685 706 401 303 193 582 207 105 190 241 633 322 684 653 542 103 36 182 358 175 454 607 219 561 365 530 390 713 258 45 613 76 557 434 300 337 75 367 382 373 178 364 332 83 94 439 623 540 622 139 676 374 320 559 31 666 206 659 180 166 327 184 654 594 106 267 45 683 113 514 287 137 53 245 699 339 572 555 620 347 102 617 99 433 63
366 186 121 600 23 618 480 362 326 466 546 359 417 168 520 122 559 485 632 587 448 363 123 477 16 136 490 238 691 579 420 662 300 176 707 10 330 655 17 3 79 533 437 210 249 80 673 200 139 90 0 199 591 119 655 667 504 104 478 357 171 429 430 685 414 11 521 15 561 328 540 37 320 382 718 637 291 438 132 42 169 718 414 304 702 632 605 693 64 507 731 64 347 621 486 158 144 657 393 57 692 276 183 246 213 97 562 88 633 558 229 592 248 259 238 66 560 476 716 427 478 1 103 401 59 573 330 6 499 715 585 595 663 694 631 382 170 23 210 350 144 73 549 272 62 417 81 44 442 220 264 246 516 127 279 674 135 495 461 496 409 8 691 294 21 358 254 704 91 186 651 675 76 416 223 127 700 87 708 299 136 240 499 286 432 727 206 403 208 165 323 21 705 469 40 446 359 213 109 369 436 601 219 439 90 37 292 703 19 610 133 3 194 254 386 529 389 104 525 5 528 142 426 716 44 669 357 143 378 163 502 301 352 60 634 652 228 381 6 315 134 496 317 651 238 724 360 11 687 290 525 95 469 311 445 357 129 368 366 93 102 105 637 446 31 130 535 498 647 527 306 177 321 375 497 622 664 100 306 614 621 127 34 426 420 388 109 59 419 642 436 195 645 704 291 473 64 654 372 141 667 74 263 245 614 277 248 595 631 111 682 474 460 267 477 175 280 398 28 332 113 672 693 254 184 611 621 113 168 259 653 502 648 21 729 312 24 272 131 388 351 72 325 131 20 541 216 274 719 417 561 33 471 184 459 641 386 160 71 408 589 103 363 196 281 654 284 650
366 176 720 47 200 594 469 611 68 562 547 68 623 624 166 424 600 51 454 465 59 105 104 637 300 445 295 712 118 355 259 459 597 535 205 723 172 674 237 297 70 2 662 442 723 242 497 164 631 724 702 591 68 370 640 414 481 4 717 356 380 143 702 557 214 166 363 401 244 607 365 269 459 3 670 25 33 567 622 727 399 567 488 399 198 13 6 286 135 92 102 23 190 253 303 686 360 125 125 49 48 332 78 246 516 337 263 87 156 528 20 58 646 304 296 510 79 553 716 388 71 557 489 35 201 120 522 462 445 491 533 242 280 420 170 522 577 613 513 241 21 400 178 451 702 147 114 405 550 660 678 71 271 304 556 109 506 517 53 701 113 177 380 642 19 669 21 499 725 293 385 464 660 376 517 199 612 482 576 199 731 265 442 472 615 719 68 336 259 64 41 107 693 588 492 659 30 357 441 429 456 219 320 691 311 352 688 386 428 428 395 433 585 316 158 161 422 350 667 630 175 661 317 226 603 172 6 554 679 26 679 242 376 560 576 134 447 106 559 22 537 352 661 379 699 151 276 610 465 25 447 447 174 644 410 299 129 417 366 422 269 728 369 676 374 12 634 340 730 222 8 144 432 334 629 432 693 678 272 78 478 672 351 154 255 199 151 428 49 152 478 110 408 165 390 328 396 58 299 676 107 180 225 526 205 330 253 375 606 332 492 194 301 568 438 503 417 351 494 211 317 376 152 361 184 109 249 209 120 585 453 22 512 156 621 354 170 93 262 702 516 380 553 537 531 128 187 243 501 457 440 142 168 669 311 433 195 103 526 545 581 349 461 96 149 66 304 359
374 46 379 221 503 544 544 339 724 313 356 534 562 92 308 196 364 694 199 555 217 3 145 694 468 298 223 585 450 109 639 130 642 664 367 27 597 415 65 22 84 339 236 40 469 314 488 201 573 629 634 417 456 556 568 660 216 661 497 720 435 134 252 96 695 570 687 574 704 17 335 386 619 743 349 369 652 244 553 551 222 664 578 519 732 287 253 65 512 271 123 507 7 305 261 722 520 572 506 648 429 612 338 334 425 661 350 500 347 168 644 456 109 500 530 609 429 141 53 516 650 548 623 609 261 232 516 133 482 566 695 227 615 10 113 532 661 254 615 293 4 1 134 323 240 234 323 593 694 32 596 597 277 227 142 501 379 240 150 358 487 644 678 185 746 440 585 316 464 615 327 444 24 456 40 358 626 336 368 215 252 172 612 241 695 518 597 452 97 405 504 649 100 415 631 136 231 731 215 630 675 355 136 505 677 664 445 574 413 43 593 226 564 388 720 669 153 649 613 44 299 265 325 170 417 296 86 146 576 227 295 620 742 217 214 599 517 713 520 543 79 252 176 687 389 371 126 651 93 690 75 606 694 567 455 636 180 204 58 10 634 373 745 334 223 210 339 176 504 463 491 512 473 563 227 197 699 487 461 155 220 447 339 110 270 268 747 562 590 626 523 117 39 608 513 237 284 592 86 99 698 183 266 702 587 747 696 534 9 384 21 218 581 274 139 313 333 301 369 471 342 742 590 252 347 202 464 366 706 590 166 235 62 76 550 725 308 640 745 263 522 167 681 543 423 392 575 509 539 12 604 665 468 484 88 156 724 161 407 74 239 569 216 417 652 481 592 76 493 425 271 596 729 367 716 571
378 236 306 424 144 715 499 733 158 202 646 333 649 609 742 553 29 431 563 478 382 276 241 236 658 316 750 563 214 5 630 259 636 622 166 112 690 643 193 200 109 317 626 689 403 233 725 356 161 295 655 450 249 279 237 599 542 521 4 89 542 671 591 711 57 105 310 74 529 571 24 740 356 92 562 665 468 585 336 44 320 545 715 516 496 650 645 682 657 593 382 41 183 113 17 287 549 346 642 363 57 607 372 21 213 547 205 584 642 717 117 47 722 157 245 563 550 408 107 551 629 527 617 708 130 282 201 484 14 269 594 237 402 310 489 124 361 352 27 94 53 503 226 148 568 312 722 493 530 81 338 96 15 537 97 505 711 11 401 125 729 222 160 273 438 332 304 471 347 658 654 669 301 12 122 382 78 122 412 198 580 426 75 111 437 732 495 656 308 491 353 568 62 201 338 144 636 129 284 678 699 469 525 120 709 492 205 75 567 542 223 733 658 699 85 249 410 239 92 308 602 711 94 599 428 262 559 163 604 326 21 578 253 226 565 427 398 54 485 46 448 28 603 253 389 29 200 746 411 115 550 12 537 514 325 432 85 190 722 215 275 618 363 588 282 50 568 371 342 8 242 187 150 702 260 37 149 79 456 512 543 167 56 396 413 645 639 482 701 137 449 635 191 498 399 457 531 263 137 678 256 516 599 575 639 705 345 453 416 618 115 442 454 549 53 209 581 208 62 78 530 331 98 344 491 369 259 152 342 656 297 716 141 118 86 526 105 34 182 228 558 322 183 703 130 202 554 696 51 623 246 232 19 735 221 563 419 326 281 431 656 444 755 564 247 642 443 503 382 227 89 651 303 241 697 365 146 227 604 596
382 333 479 621 94 42 324 291 309 272 589 199 654 44 746 411 202 105 90 155 741 216 682 166 751 605 386 2 306 404 384 180 8 697 506 58 647 86 428 611 234 171 187 295 262 377 590 301 14 638 546 565 195 127 316 677 571 280 450 49 38 570 312 255 727 704 549 303 176 734 763 366 471 430 351 707 329 756 382 244 265 622 658 220 170 221 496 642 260 235 469 213 418 292 110 704 8 672 371 211 446 636 582 325 513 93 616 270 401 441 337 627 584 742 472 365 27 126 440 49 299 358 59 702 459 61 173 577 443 112 588 392 80 664 526 14 337 328 632 721 413 154 669 499 377 694 118 186 229 372 713 576 306 659 29 591 510 757 190 632 221 219 48 725 551 270 557 193 73 617 218 588 127 231 506 152 622 514 122 120 567 322 535 336 21 497 244 641 206 54 2 672 533 336 27 263 315 495 643 225 619 13 705 291 186 89 571 531 238 722 687 214 335 634 378 273 671 715 463 4 645 101 502 409 296 178 373 291 516 576 569 155 367 496 296 421 59 719 587 612 547 124 78 698 255 623 177 293 139 56 145 530 146 677 568 98 494 17 381 444 446 676 278 282 140 570 113 397 624 195 0 366 20 489 421 254 547 658 32 342 698 746 714 610 584 312 0 5 98 292 453 79 303 696 170 648 604 333 106 505 286 599 200 634 258 359 580 354 393 170 356 381 669 388 213 372 390 270 744 134 353 614 762 15 8 478 16 362 501 646 670 148 577 203 527 10 44 595 250 682 93 659 688 52 218 640 704 302 713 561 530 69 654 706 512 413 638 501 448 81 581 372 414 263 16 59 559 479 500 336 263 392 111 224 598 244 608 435 596 509 746 698 621 670
394 261 567 708 696 557 271 743 222 305 597 753 744 619 125 63 552 108 178 197 21 696 127 673 499 623 727 124 260 685 744 515 751 689 28 486 366 105 252 657 483 594 436 406 159 2 195 264 479 203 775 544 760 271 774 673 654 547 403 384 314 220 261 638 175 72 487 606 483 211 740 560 588 703 368 417 515 565 750 662 212 174 459 405 44 89 514 69 619 666 251 108 650 225 583 361 563 332 598 586 403 614 67 442 519 513 143 426 19 32 687 663 360 290 280 203 503 780 454 330 594 395 533 30 684 630 259 136 261 590 784 475 428 215 361 719 408 83 74 675 602 283 314 63 29 390 182 551 204 6 698 732 454 7 522 279 216 14 162 30 197 278 1 727 698 268 50 727 374 334 377 55 572 42 101 348 260 86 285 243 680 331 104 45 130 163 780 635 695 197 62 605 626 256 270 165 617 504 184 225 452 237 302 742 343 560 204 4 725 727 754 58 270 270 530 641 181 281 254 251 350 91 206 326 412 292 455 475 112 239 315 618 462 627 331 272 304 703 10 767 625 42 50 459 207 632 495 778 501 236 622 656 679 79 39 21 160 29 455 754 516 188 397 423 192 710 448 223 668 743 34 751 154 570 774 550 10 764 506 105 753 557 590 304 733 157 154 399 785 422 265 400 465 680 157 116 267 247 237 475 743 731 246 579 240 479 689 107 148 206 226 613 334 542 325 707 573 610 216 695 408 690 301 553 590 498 422 653 69 48 34 700 276 339 3 776 565 599 228 742 506 89 275 354 510 768 432 478 43 308 438 774 174 707 183 675 330 335 144 131 411 186 166 42 693 279 19 149 706 207 380 476 355 758 126 40 478 765 529 768 540 148 726 680 700 406 20 531 624 71 571 590 268 484 575 330
398 238 373 684 479 204 754 445 256 63 640 230 680 699 574 102 234 253 595 182 448 700 155 71 119 620 304 599 127 506 489 737 139 394 167 23 55 556 83 192 30 179 40 330 427 546 236 478 664 720 367 277 90 4 68 666 339 195 361 320 30 72 410 617 612 7 123 61 607 10 468 304 215 450 237 496 6 770 228 210 98 496 3 644 252 482 753 125 406 60 32 234 421 453 333 239 256 570 429 133 565 71 684 558 512 733 458 593 630 57 276 282 602 724 353 740 146 512 95 437 100 171 162 530 196 357 703 753 308 219 468 197 678 642 453 527 476 8 4 194 54 661 598 428 389 794 172 113 45 496 399 700 120 772 132 174 363 237 97 178 704 662 533 107 71 312 294 466 171 295 15 454 262 138 712 696 334 330 655 768 614 605 475 472 367 82 411 126 731 353 372 271 671 498 212 543 574 166 78 225 642 669 631 774 423 471 344 246 649 536 160 498 124 552 692 55 350 569 622 616 582 530 438 722 561 618 220 611 586 376 204 57 448 425 22 169 278 586 240 69 316 698 603 358 405 724 412 202 646 782 699 650 244 235 246 223 581 700 235 233 774 371 725 152 265 178 355 195 656 748 327 587 1 769 44 280 259 355 742 754 614 63 367 396 754 318 128 466 284 437 604 224 701 204 315 454 332 117 16 165 397 686 571 416 429 103 263 667 239 371 654 462 324 781 290 383 595 60 127 4 219 514 106 212 241 655 781 275 5 142 476 71 109 643 427 118 401 761 69 288 482 680 679 410 609 381 92 473 777 626 79 28 527 37 26 656 636 525 211 290 744 552 631 488 238 397 763 44 640 692 184 270 637 326 81 68 438 637 357 608 659 443 306 452 375 326 440 495 541 266 94 428 604 709 105 23 390 432 367 701
398 75 235 111 489 440 4 734 223 509 681 499 542 444 391 465 340 569 758 583 301 783 614 421 470 54 527 467 549 527 48 397 710 587 724 210 708 700 667 286 242 467 714 544 781 175 545 407 241 307 633 256 347 282 773 640 450 561 97 47 345 768 681 83 385 749 681 502 91 256 156 235 591 232 207 85 339 353 228 668 283 783 77 88 430 295 131 376 2 491 60 369 163 658 91 4 555 673 570 710 147 689 749 312 503 384 362 452 535 200 716 487 118 421 104 495 437 89 757 61 339 499 217 755 68 2 477 774 666 278 217 772 59 700 243 581 93 748 418 265 448 178 328 501 362 549 130 3 368 319 375 352 254 697 527 664 268 293 97 119 589 144 410 187 574 177 101 756 369 666 337 504 598 433 12 467 685 687 325 226 792 341 603 555 328 418 462 660 698 156 291 51 451 552 165 297 30 429 715 138 560 547 238 592 678 710 545 775 196 71 581 759 478 245 358 731 295 354 271 521 672 206 636 121 183 477 166 185 138 500 559 295 25 312 350 597 769 181 189 290 510 371 46 794 785 546 650 128 329 508 280 630 668 711 177 546 70 755 284 214 378 335 271 392 570 503 26 334 767 16 15 313 669 596 456 47 767 239 230 12 3 714 313 246 311 609 762 495 65 181 584 203 218 793 792 503 59 513 309 655 580 414 288 579 349 535 627 32 184 531 497 38 320 440 215 691 749 430 476 370 190 589 688 640 218 665 503 259 84 527 575 303 491 762 44 118 435 171 683 432 286 406 64 136 569 34 202 696 114 541 239 385 112 40 522 13 189 748 697 657 32 179 521 311 266 155 506 786 119 564 541 674 663 364 768 172 595 525 100 656 9 704 444 385 413 129 589 739 506 420 280 674 582 427 618 180 196 298 189 183
406 71 659 639 653 320 292 20 59 503 349 96 306 682 630 477 4 171 535 381 394 786 267 282 490 783 197 351 20 136 698 458 31 368 736 283 759 464 754 668 295 809 421 626 637 65 193 629 167 647 194 1 790 298 798 600 5 634 690 573 162 574 811 629 257 486 46 750 96 378 164 707 55 48 68 526 46 454 611 722 589 685 533 579 479 467 691 48 440 359 336 745 788 688 517 208 806 766 253 714 256 14 346 777 533 211 83 457 328 718 84 626 425 144 323 55 406 267 572 426 431 479 630 351 477 174 786 493 418 793 191 693 357 281 717 612 159 663 71 225 743 298 777 758 493 46 271 381 197 331 690 391 476 242 592 349 501 341 629 686 791 303 662 291 169 195 804 14 750 657 14 510 696 509 41 468 202 153 149 271 741 335 607 806 476 593 172 332 643 122 7 32 521 301 95 426 348 381 468 354 463 496 57 231 702 325 597 448 445 650 626 190 555 291 205 766 242 745 646 140 617 310 267 83 350 249 798 295 45 464 204 74 684 227 629 670 178 98 196 386 264 654 429 287 206 355 361 355 303 578 735 270 92 205 268 682 478 242 581 723 752 279 21 323 153 780 396 616 2 792 731 17 791 414 194 150 189 755 313 709 87 406 393 287 677 633 124 401 659 375 741 627 310 713 651 423 238 690 209 479 82 316 532 646 589 85 666 364 63 500 10 39 59 668 691 67 245 306 293 655 399 103 41 422 384 249 247 530 762 89 481 505 127 332 433 620 175 415 542 486 545 416 107 170 665 337 218 63 377 136 483 229 495 84 246 357 174 408 161 100 772 587 671 49 717 235 449 20 360 82 537 17 355 113 202 91 722 134 347 644 469 556 744 56 617 43 491 287 215 397 620 274 365 569 605 767 381 363 735 629 810 511 258 439 673 270 632 417
