14 5 8 6 2 9 4
22 6 3 1 5 4 6 9
49 7 2 4 13 11 5 7 8
28 7 6 4 13 5 2 8 1
73 8 16 13 8 4 12 9 5 6
76 8 9 6 14 10 8 4 7 13
78 8 13 11 15 12 5 16 3 8
53 9 16 5 6 3 11 4 17 9 8
38 10 20 7 1 16 18 3 2 6 11 15
75 13 9 25 10 12 4 19 11 7 26 14 6 17 24
124 14 7 25 21 19 6 22 18 8 1 9 3 23 12 26
44 14 27 26 21 14 12 11 7 18 5 4 8 13 15 9
133 15 14 12 21 15 29 28 5 27 8 30 16 19 25 1 11
54 17 32 13 25 28 27 11 21 24 14 5 23 8 9 6 16 19 4
59 18 28 4 36 14 21 8 6 33 23 1 12 16 18 2 25 32 15 26
103 18 10 8 13 27 18 14 19 34 6 2 5 23 15 24 28 29 26 25
84 19 25 2 26 11 19 10 13 15 30 37 9 23 29 20 27 12 22 35 1
97 23 12 31 42 38 8 28 26 17 4 30 36 34 1 39 33 10 27 2 20 7 11 14 15
116 23 2 17 16 7 9 36 15 25 20 1 14 34 28 24 30 43 32 26 3 11 8 4 29
147 23 46 24 14 7 6 20 32 36 35 21 34 41 18 42 37 15 5 19 26 29 25 44 43
105 23 10 19 15 34 33 25 40 38 30 9 16 1 36 11 39 18 8 45 28 4 7 35 17
61 24 35 2 15 14 5 33 6 3 22 28 23 39 9 40 44 27 13 38 25 11 19 12 7 45
159 24 26 29 4 11 31 15 19 22 25 44 43 32 36 45 37 33 6 48 13 41 5 24 39 7
83 25 47 26 28 34 3 11 25 6 17 42 13 16 45 33 21 29 18 40 46 43 50 12 27 24 20
74 26 42 25 9 32 17 2 38 26 4 36 18 20 51 14 24 7 28 13 8 47 12 35 15 23 40 27
210 26 22 28 27 23 37 34 19 49 38 39 45 35 7 16 3 4 29 46 9 13 11 40 1 43 2 50
133 26 35 5 3 36 34 24 45 52 7 10 9 32 4 38 25 1 46 12 49 27 21 19 50 31 8 17
226 28 16 54 11 22 6 10 19 26 49 30 51 20 38 35 1 29 40 33 8 21 3 41 23 12 34 36 4 17
107 28 10 52 33 29 47 2 36 15 25 8 19 53 37 39 20 26 56 3 48 5 54 14 43 12 40 42 45 1
147 29 45 48 35 44 12 6 13 42 37 3 46 52 23 10 40 56 49 2 41 29 11 20 14 36 25 27 4 24 17
108 29 44 14 15 7 41 35 2 54 39 26 16 29 21 56 9 18 6 55 4 25 40 57 17 51 23 13 10 24 46
274 29 46 26 28 29 18 39 50 58 40 20 16 56 57 23 30 36 6 24 7 34 8 37 5 42 41 38 13 35 10
238 32 16 55 59 52 13 7 47 1 15 35 24 2 38 14 41 54 8 64 29 23 63 40 48 43 20 33 60 28 44 49 3 4
31 32 35 5 9 11 15 34 20 24 49 55 61 60 27 16 54 22 40 43 57 58 14 37 10 52 39 59 17 42 32 53 56 12
271 33 46 10 17 24 61 37 48 62 57 31 14 52 19 2 65 29 3 43 35 51 40 22 13 6 9 36 1 11 60 27 53 44 25
130 34 62 64 25 34 51 37 4 3 15 45 40 48 44 20 18 13 19 8 55 17 53 46 54 60 32 67 68 5 38 58 10 9 52 59
97 35 18 60 68 14 36 10 51 21 2 23 52 45 15 3 32 61 46 17 28 25 56 6 29 55 11 62 70 31 44 27 38 19 33 40 9
464 35 70 30 60 8 7 56 10 5 48 2 43 40 59 41 19 51 4 37 68 44 65 28 53 66 39 35 16 47 38 20 32 54 58 50 22
211 36 2 71 60 9 62 34 65 56 24 51 57 45 39 70 14 28 50 35 36 7 72 10 37 41 49 31 20 21 64 16 5 4 13 61 66 25
94 38 59 65 26 61 27 13 50 40 17 11 63 19 14 75 70 9 24 64 39 74 67 66 44 21 25 15 54 48 62 18 69 20 72 57 16 55 36 45
295 38 4 37 54 55 59 11 75 49 52 20 63 46 64 71 7 42 6 36 47 57 45 35 19 5 17 26 28 25 69 14 53 43 33 3 31 73 68 27
188 38 35 34 43 6 61 27 38 19 7 71 51 66 63 17 5 31 25 4 3 11 22 50 8 48 26 32 12 75 73 13 57 46 39 14 62 69 10 58
299 38 42 1 65 66 74 58 35 20 69 27 43 2 12 44 7 39 23 11 15 70 24 51 76 56 16 26 55 34 68 31 36 63 46 67 53 3 73 33
280 39 75 74 62 16 17 27 21 8 43 33 61 28 39 24 29 35 48 4 44 41 1 7 51 2 42 63 31 12 23 56 67 30 14 77 36 46 73 34 32
334 40 12 26 37 33 8 47 70 68 11 49 53 38 34 63 59 29 36 65 39 44 4 58 71 66 16 52 79 14 80 25 64 73 74 57 32 50 55 24 51 76
483 41 51 17 27 7 67 3 56 48 23 68 69 76 73 5 42 12 30 54 66 79 31 40 64 44 32 60 13 14 11 4 75 74 70 22 61 24 78 49 34 18 1
331 41 23 75 70 5 9 44 55 64 14 20 32 45 57 24 39 12 3 18 36 40 29 8 25 52 79 17 48 65 81 1 10 26 72 56 61 51 33 13 16 66 30
420 42 23 82 68 16 77 3 46 6 11 45 19 32 5 30 24 18 15 62 28 52 64 83 55 17 8 36 43 2 29 49 40 71 80 63 66 25 75 65 47 51 4 26
310 43 8 33 67 25 1 56 45 17 81 12 63 41 64 22 18 40 72 16 21 10 42 28 13 52 79 15 39 54 78 37 84 57 80 6 70 49 50 82 75 86 43 9 65
320 44 61 82 62 71 8 65 50 31 16 41 73 13 15 48 25 83 77 7 44 23 55 70 80 78 21 38 45 47 81 10 33 24 75 34 68 60 27 85 43 35 59 63 4 19
184 47 39 92 1 70 20 51 6 42 44 52 7 29 48 47 21 8 12 13 5 94 57 83 28 18 10 60 4 45 27 30 16 2 63 43 46 38 33 66 76 62 77 11 53 40 84 17 65
163 47 55 10 81 61 18 6 4 52 89 64 79 94 36 60 30 84 19 5 15 31 58 80 51 78 76 11 68 16 49 62 27 9 91 54 53 3 73 66 7 28 82 69 1 83 46 39 33
241 48 70 34 94 32 48 71 50 31 13 49 96 55 67 57 23 10 56 91 4 29 66 17 84 59 26 78 81 46 87 72 73 40 21 45 80 79 24 37 64 69 7 61 42 86 2 18 43 5
399 48 71 12 61 64 48 68 46 40 43 39 57 24 84 8 87 83 93 14 75 56 9 96 11 51 74 38 86 58 30 1 29 72 77 13 34 37 80 45 85 17 67 50 52 3 59 28 79 27
263 51 61 3 65 21 17 34 35 22 47 23 94 68 45 25 64 20 9 46 27 29 58 43 31 44 73 78 1 33 63 81 50 79 95 14 84 54 36 76 37 93 53 66 16 67 62 56 5 8 90 39 101
271 52 79 35 42 96 68 94 93 85 36 32 53 92 76 43 12 75 50 102 6 78 57 90 87 10 55 23 52 34 8 83 40 77 21 5 44 59 29 20 33 51 46 49 70 9 7 48 2 27 65 1 61 15
243 53 73 34 45 12 77 56 35 90 81 3 38 10 59 5 79 84 82 93 91 68 27 33 18 2 87 41 71 9 22 58 26 83 92 54 32 98 39 4 61 97 20 7 1 76 53 94 48 99 6 101 8 44 29
131 55 82 5 73 15 91 7 62 75 16 68 84 90 85 52 89 46 22 58 98 18 83 70 94 79 33 41 35 100 69 93 49 77 39 60 76 30 11 17 96 34 31 12 88 54 10 67 19 105 48 3 26 4 74 78 86
257 56 47 62 101 65 49 34 45 52 57 43 26 53 13 72 4 99 80 6 112 28 31 79 5 36 33 54 25 27 29 74 21 19 86 87 9 91 44 81 67 76 2 102 30 66 71 83 8 10 14 107 32 48 58 42 39 78
389 57 10 17 59 20 31 66 30 56 21 7 90 32 41 107 29 99 28 51 45 98 19 46 57 102 64 1 6 73 88 86 78 8 24 87 52 85 75 12 38 108 35 4 43 110 48 14 67 44 100 65 72 80 27 114 74 95 63
69 60 4 10 109 48 103 47 65 61 23 108 67 107 12 58 94 66 14 118 115 21 37 34 55 106 60 113 38 39 56 101 87 84 102 30 79 63 7 44 28 17 32 88 1 6 27 50 77 9 89 33 46 119 110 82 99 13 15 74 40 112
338 61 71 4 57 47 21 109 49 54 103 12 73 33 122 91 10 97 115 118 121 108 96 31 45 100 26 114 84 56 18 8 19 72 28 38 16 69 58 25 17 74 52 81 46 29 5 113 98 61 75 34 111 107 59 117 2 80 86 1 24 85 63
353 62 90 111 106 121 20 9 82 99 109 88 117 36 108 46 4 19 80 6 86 74 81 47 59 37 51 44 116 27 16 75 73 2 55 96 11 72 12 10 34 13 15 63 31 48 112 53 22 93 32 42 110 45 97 18 61 114 120 58 124 69 113 94
651 63 108 39 30 119 120 28 91 84 21 87 117 47 103 105 76 46 93 4 73 96 52 106 89 85 97 110 70 101 37 44 15 121 79 58 100 98 59 90 34 109 88 75 118 45 55 72 6 86 20 14 126 63 64 41 29 123 32 3 36 17 22 83 66
361 63 101 49 81 73 60 48 50 119 4 7 30 23 124 77 85 66 17 104 107 34 90 43 116 110 42 26 20 14 6 47 64 89 115 84 98 55 13 51 41 31 39 95 67 102 122 33 111 38 97 108 12 46 56 5 18 11 99 76 53 112 58 71 63
378 64 116 80 99 15 85 74 102 20 122 46 29 90 98 16 87 123 33 58 83 64 126 106 12 62 113 6 92 57 40 14 108 43 4 114 78 69 7 42 110 112 54 104 50 65 73 56 117 105 93 89 37 36 94 70 45 24 19 107 53 128 121 1 22 82
333 65 19 107 79 76 40 38 47 125 10 28 62 25 82 58 66 17 102 114 12 124 4 20 32 64 57 2 117 71 49 112 63 34 77 11 129 53 9 81 52 33 105 29 90 104 72 122 92 95 101 68 69 36 99 128 116 31 96 83 80 46 18 60 50 55 39
481 65 128 37 30 120 47 20 33 105 74 89 114 6 34 67 51 65 91 39 106 86 11 68 127 111 44 98 104 118 82 80 69 61 27 46 38 66 18 112 7 110 42 59 101 93 56 32 48 125 5 45 108 35 124 3 103 72 121 123 84 26 109 49 113 83 77
369 65 25 120 84 111 94 107 40 112 125 26 106 45 8 121 101 57 95 42 130 92 87 73 99 88 38 49 15 124 109 20 116 52 27 129 55 54 114 9 22 66 98 51 67 126 2 75 69 100 97 6 56 43 35 33 48 113 108 39 91 80 58 44 63 37 61
384 66 18 132 116 105 96 113 84 112 121 100 36 118 63 3 40 75 1 69 33 39 35 4 19 94 26 129 8 2 58 43 41 55 47 66 14 22 45 125 25 65 73 88 114 9 49 106 59 68 87 24 53 30 81 122 130 90 123 16 37 15 48 92 101 77 120 91
476 67 94 81 37 109 118 53 108 33 84 95 72 15 46 29 70 42 58 23 115 134 68 119 7 49 88 47 67 69 110 24 3 133 117 25 43 125 86 76 38 21 126 30 71 107 111 55 114 121 132 127 44 75 80 19 101 4 113 79 103 106 62 48 120 60 73 116 41
601 68 60 54 122 121 55 33 59 42 107 75 44 124 40 130 20 34 38 129 45 82 67 48 126 9 61 118 47 3 93 125 52 90 95 26 99 106 135 84 11 101 96 70 69 115 64 80 6 97 57 14 89 77 91 98 50 81 8 73 17 29 28 7 58 74 18 108 113 12
756 69 116 70 55 47 45 135 61 41 80 32 27 79 64 98 1 86 26 60 18 38 126 123 117 93 121 122 111 9 6 40 107 87 82 71 51 14 33 23 73 81 4 54 77 39 75 119 10 29 52 48 130 65 67 58 16 72 104 63 101 92 124 24 106 62 22 94 99 49 108
163 69 43 56 121 119 40 100 103 134 16 6 101 26 135 68 35 105 5 86 90 95 107 126 36 30 61 69 78 53 85 74 83 38 122 1 58 46 77 51 24 125 106 47 81 63 131 75 70 12 71 97 87 120 62 92 137 136 11 117 52 112 113 29 10 22 2 99 31 65 17
200 72 105 14 98 97 59 57 134 50 10 91 9 15 20 75 51 2 112 40 5 109 77 32 28 47 122 111 95 60 39 34 35 11 55 135 128 3 71 66 27 133 79 53 76 37 127 126 31 62 42 41 118 67 119 88 61 43 1 63 26 96 87 68 121 30 69 102 7 130 12 100 90 74
84 73 97 3 39 18 41 56 121 108 20 45 140 49 112 8 118 46 117 137 132 134 77 6 95 101 123 11 68 103 141 28 58 144 30 136 130 24 17 109 47 71 111 34 126 64 55 102 89 78 31 119 104 90 48 73 145 42 69 1 25 66 5 114 122 21 139 87 12 52 142 79 92 96 76
656 73 11 140 30 123 106 16 75 137 69 38 24 72 77 97 85 90 55 23 68 130 54 41 102 104 120 105 39 65 64 2 60 67 21 44 136 108 142 126 91 1 48 95 110 40 100 6 115 42 47 56 53 87 138 82 139 73 125 143 70 13 20 9 117 112 19 113 145 34 94 133 14 45 79
507 74 58 132 143 34 120 14 129 79 144 147 61 99 90 7 18 27 19 86 126 57 123 55 145 29 53 44 54 116 16 12 134 45 121 62 64 66 25 36 15 77 138 2 20 21 52 1 26 127 140 102 24 85 48 68 130 76 17 95 71 141 28 40 43 72 42 49 97 35 74 112 109 78 93 4
155 75 38 77 8 33 109 40 146 132 102 78 89 19 131 101 39 129 76 140 138 53 79 1 72 93 126 32 43 31 113 137 84 68 91 112 128 106 98 57 149 65 4 11 105 116 66 133 37 3 103 80 41 88 117 10 64 71 14 42 21 120 58 142 24 59 104 52 50 48 73 127 63 27 62 15 44
680 81 47 95 117 58 108 27 155 50 29 60 123 118 150 51 56 37 17 72 73 103 94 30 5 11 100 140 121 133 91 44 62 142 135 10 54 143 79 115 25 55 119 1 42 2 87 65 6 158 57 101 31 18 23 88 59 83 3 128 105 131 46 122 130 26 76 151 120 92 43 86 28 129 45 38 152 36 19 154 139 126 20
484 84 29 153 62 9 151 43 35 69 167 139 157 159 47 108 103 115 68 10 52 57 149 140 19 142 40 144 39 143 166 85 113 61 136 84 51 36 78 106 59 8 134 114 100 154 66 164 7 50 88 110 101 72 77 30 37 23 25 89 92 131 124 147 117 14 138 132 168 20 6 3 15 95 130 156 116 112 76 18 54 79 26 102 80 109
494 85 6 96 134 126 85 1 159 107 4 152 137 139 150 11 118 144 71 43 158 146 24 104 88 147 89 17 136 149 119 13 91 60 163 127 108 19 57 90 66 15 83 39 168 58 20 35 132 106 74 37 76 113 160 53 14 5 47 79 98 61 145 117 170 42 95 135 69 64 40 93 12 72 123 80 82 115 9 25 99 23 54 124 109 131 105
820 85 100 10 20 71 143 14 40 58 93 51 120 61 134 72 158 45 130 76 86 12 35 115 74 30 27 133 151 113 153 29 90 75 88 9 163 22 81 46 2 103 48 66 7 112 21 161 102 136 94 67 83 84 137 3 89 63 39 47 167 34 33 60 77 129 104 169 110 4 16 146 68 117 50 85 135 65 31 95 138 96 156 44 80 6 23
559 88 163 47 55 75 116 148 86 91 25 100 160 161 65 11 162 24 142 32 79 137 131 109 141 144 41 168 125 45 21 64 53 167 176 129 27 84 90 95 44 151 92 103 98 36 43 58 35 101 145 82 173 66 105 51 37 134 81 4 73 123 85 147 39 107 6 52 120 10 170 29 99 72 50 88 130 83 171 149 133 155 154 3 114 80 156 157 113 169
160 90 85 117 125 50 170 78 88 6 122 157 161 110 60 71 43 74 28 33 140 66 58 154 9 151 3 163 7 57 45 25 164 171 126 101 40 105 130 18 12 176 98 19 95 89 93 20 159 107 44 79 178 22 174 119 35 2 106 67 168 62 111 84 13 142 144 115 59 153 72 49 152 135 173 175 48 133 4 90 141 129 169 143 127 139 1 99 10 15 21 83
422 90 174 139 141 99 124 149 178 51 31 47 25 153 146 57 148 103 111 122 134 136 18 160 151 52 172 23 144 43 64 59 131 179 44 98 29 12 6 156 79 130 102 94 77 169 150 58 27 5 34 24 170 113 42 73 83 115 110 50 78 69 117 37 88 107 41 167 105 120 90 40 48 66 176 11 76 54 152 38 7 82 104 75 14 72 20 17 2 22 112 8
607 91 71 175 45 144 99 98 30 38 72 104 80 32 15 53 112 12 163 125 52 8 169 128 155 118 95 129 147 174 134 5 180 44 90 9 14 82 105 131 28 133 83 43 31 113 6 69 108 116 142 156 33 170 121 36 22 16 115 54 49 18 139 97 127 159 92 110 11 68 19 35 103 63 29 51 176 23 81 172 143 13 62 165 78 65 39 67 182 114 25 94 132
384 91 63 176 78 89 42 113 140 112 149 71 61 99 167 34 111 122 118 163 40 32 53 54 58 127 74 27 72 33 55 2 81 169 44 148 26 144 36 128 79 8 96 103 114 158 116 5 23 20 101 126 179 153 68 177 150 145 70 43 161 152 107 155 132 129 73 41 146 51 110 117 136 175 133 123 168 164 67 80 172 171 66 83 60 93 45 4 98 13 37 57 15
761 93 182 40 100 94 181 46 168 57 186 130 134 36 83 21 170 98 158 146 118 56 131 18 106 128 16 84 161 61 72 9 75 14 133 92 141 144 167 31 80 156 49 112 17 124 172 41 135 66 87 23 76 44 175 132 52 149 177 67 51 54 12 5 85 138 180 20 107 11 108 171 2 123 47 34 13 82 160 137 111 143 62 24 29 91 117 8 10 27 104 15 126 185 122
731 94 138 45 66 183 143 26 152 59 177 5 155 31 109 168 180 146 3 153 87 2 100 7 61 188 22 119 47 137 97 147 37 124 86 51 48 30 136 101 90 65 122 114 148 175 17 163 76 139 44 24 72 39 84 80 156 159 111 140 79 35 105 58 95 157 99 81 166 112 107 110 63 53 113 78 50 167 11 28 131 57 54 20 150 56 161 49 179 125 160 134 82 187 102 186
445 95 172 189 74 1 92 162 145 90 147 43 89 82 150 135 118 37 64 183 158 52 67 6 139 66 26 31 156 7 79 71 169 14 10 95 61 107 68 63 87 77 86 174 132 53 35 22 164 99 179 69 154 94 51 148 15 38 19 122 190 56 177 136 39 176 105 153 143 46 116 101 36 112 188 20 2 91 25 123 42 186 159 30 108 81 165 144 138 58 84 8 45 27 178 119 129
311 96 74 76 144 78 150 30 67 66 39 47 161 46 16 82 121 10 15 166 138 29 117 177 56 113 129 107 17 160 165 70 145 62 133 178 174 65 49 50 192 60 22 105 184 162 51 136 125 119 139 40 80 6 87 57 122 148 143 61 152 85 126 14 31 175 24 181 8 140 180 35 5 95 90 2 116 89 77 164 41 94 155 45 97 153 96 146 185 186 9 132 158 52 159 25 100 69
557 98 162 36 160 165 114 85 170 171 34 108 110 166 2 81 161 149 164 39 133 95 126 156 33 120 57 13 83 116 15 143 29 20 88 86 159 71 157 119 151 14 9 3 137 125 19 132 7 69 60 91 49 112 79 167 82 146 123 28 148 134 193 75 72 124 109 154 66 158 196 24 94 135 152 76 17 47 177 65 101 178 35 180 185 128 144 168 147 105 172 115 103 181 6 189 99 42 190 32
621 100 89 68 155 85 80 51 102 41 139 9 148 172 162 160 186 52 77 165 122 36 64 75 115 154 95 62 15 152 117 93 151 125 175 86 118 130 161 190 48 54 192 66 179 67 71 105 116 25 32 28 16 63 157 60 65 84 103 29 76 21 24 149 147 144 106 42 132 37 74 33 2 3 44 12 69 56 189 57 164 136 129 174 30 108 176 169 87 143 40 171 26 50 23 13 141 97 46 91 31 39
150 100 38 72 120 114 189 122 112 46 135 171 134 116 98 87 53 23 68 136 48 74 20 50 85 151 149 138 123 99 169 3 190 19 110 118 31 105 4 141 111 30 182 142 108 25 83 126 39 29 84 188 183 160 94 129 91 81 7 28 181 32 82 163 133 1 95 187 186 2 144 199 106 103 104 176 80 22 75 125 56 5 153 78 159 61 113 96 192 101 195 132 90 178 107 200 194 131 17 10 184 109
237 101 111 114 187 3 78 169 140 56 80 30 150 32 193 128 198 63 201 180 87 40 52 82 104 24 94 117 184 46 90 167 101 137 197 152 120 81 61 164 163 144 176 77 64 165 70 155 166 127 97 43 42 65 108 156 177 135 181 178 131 202 11 173 13 2 188 194 147 185 146 19 158 161 86 48 106 126 14 17 20 136 189 130 36 7 79 5 183 138 159 68 91 119 192 154 98 142 102 151 196 112 162
415 101 18 137 32 14 140 127 113 31 102 42 161 104 21 180 55 150 53 184 3 115 100 156 4 10 80 45 95 70 122 87 151 128 81 141 157 30 159 50 126 145 33 175 111 173 97 40 47 79 181 82 34 9 129 77 12 176 66 16 160 131 188 84 165 134 189 162 25 114 92 172 196 1 43 57 22 63 199 130 170 83 148 110 59 120 73 24 68 96 135 64 144 85 201 56 190 164 143 202 121 194 132
821 101 112 40 94 122 83 196 165 150 134 105 96 189 201 84 35 98 75 135 157 62 155 130 153 125 124 7 179 192 70 113 178 89 79 28 200 47 8 140 52 60 161 66 64 13 41 76 23 24 141 132 25 162 42 100 202 19 167 3 69 170 38 39 32 149 175 20 138 88 4 74 127 107 128 186 78 10 169 159 72 148 58 147 111 164 43 49 163 51 45 17 146 193 27 95 15 48 108 44 73 110 11
504 103 38 111 43 189 77 100 73 120 198 59 65 84 91 108 31 178 190 41 195 74 48 183 87 143 206 154 24 70 57 12 16 28 177 115 23 142 193 118 72 181 104 5 7 13 20 94 22 35 196 192 61 90 109 197 76 30 167 185 162 54 52 168 191 199 95 69 205 151 179 137 165 157 21 83 67 134 130 26 124 139 146 129 133 56 145 2 6 149 8 171 117 32 101 175 51 166 25 202 53 14 96 144 29
289 103 192 176 183 171 132 108 136 7 195 86 101 34 119 83 143 9 5 199 204 178 73 60 69 130 120 89 160 76 46 93 166 65 39 59 31 84 158 189 61 102 6 162 35 53 125 110 145 142 38 106 196 8 44 51 206 16 200 62 159 78 184 40 10 133 33 186 155 63 49 57 139 103 3 22 15 124 99 117 50 19 122 197 45 56 205 100 54 177 25 52 126 161 149 82 115 193 17 167 92 141 134 153 168
