int 10 88 72 64 30 35 17 98 38 7 74
int 10 30 93 41 52 86 18 93 53 56 56
char 10 b r l i r s r r o e
bool 11 1 1 0 1 1 0 1 0 1 0 0
double 12 9.19 1.91 4.11 3.02 5.68 2.59 1.24 5.28 2.32 5.01 7.66 8.02
char 12 s p n r q s g r l s o t
double 13 1.43 9.73 5.43 8.16 0.34 4.06 0.59 7.45 4.49 9.22 3.76 0.35 9.95
char 13 a n s d q k o a t m o j c
bool 14 0 0 1 0 1 1 0 0 0 0 1 0 0 1
int 15 91 14 19 28 33 52 87 7 42 6 92 64 68 4 77
char 15 f n r j q d b p s a j c o d d
double 18 0.06 4.76 8.08 0.02 8.5 9.15 5.75 4.53 9.22 9.29 3.03 4.09 8.92 0.78 7.26 1.23 9.82 1.71
char 18 i t t d r m n s n p l p e c m t l p
double 20 8.12 6.62 3.35 5.79 6.68 1.89 9.8 2.67 1.86 6.8 1.02 5.1 4.73 9.5 8.13 6.75 1.1 7.5 5.7 3.59
char 20 c s o g g m p b r b s o a r h l c m r e
char 21 t p k n k m i d b h i g s g h o k k s r g
double 22 4.01 6.97 9.72 7.98 3.78 5.8 7.11 3.98 7.56 1.33 8.08 2.09 7.8 4.03 8.71 8.91 5.12 6.96 7.41 9.29 5.61 7.32
int 23 82 29 96 22 78 29 7 9 55 72 20 15 62 30 78 3 47 93 57 24 57 3 68
bool 24 1 1 0 1 1 0 0 1 1 1 0 1 0 1 0 0 1 1 1 1 0 1 1 1
char 25 e n e h p t n g f l s j k j h m o e k n l i e s i
bool 25 0 0 1 0 1 1 0 1 0 1 0 0 0 1 1 0 1 0 1 0 0 1 1 0 0
bool 25 1 0 1 0 1 1 1 0 0 0 0 1 0 1 1 1 1 0 0 0 0 1 0 1 0
char 25 b t e c k r i l d e m f s m h r p h b c r e i n p
bool 28 1 1 0 0 1 1 0 0 1 0 0 0 0 1 1 0 1 1 0 1 0 0 1 0 1 1 1 1
bool 28 1 0 1 1 0 1 1 0 1 1 1 0 1 0 0 0 0 0 1 1 0 0 0 1 0 1 1 1
bool 29 0 1 1 1 1 1 1 0 1 1 1 1 1 0 0 0 1 1 1 0 0 0 1 0 1 1 0 0 0
int 30 57 53 86 93 34 83 27 78 10 43 3 53 68 48 12 54 97 36 9 34 72 39 72 58 38 34 49 67 96 79
bool 31 0 0 0 1 0 0 1 1 0 0 0 0 0 0 0 0 1 1 1 0 1 0 1 1 1 1 1 1 1 1 1
bool 32 1 0 0 1 1 1 0 1 1 0 1 1 0 1 1 0 0 0 1 0 1 0 1 1 1 0 0 1 1 1 0 0
double 34 3.95 2.58 3.07 6.97 6.83 1.03 1.52 3.61 9.03 7.43 1.85 5.77 4.73 9.05 6.95 0.13 2.85 8.93 9.82 9.26 1.14 8.12 5.06 2.62 2.19 8.58 4.5 1.54 2.7 9.08 0.21 3.04 7.09 8.7
int 34 3 30 10 97 76 79 78 38 79 21 10 49 4 57 7 4 99 54 76 29 59 45 13 44 69 10 8 41 83 52 24 60 20 62
double 35 9.71 9.78 6.94 1.68 2.54 3.53 2.06 6.53 8.93 5.58 2.69 1 0.21 9.07 5.86 5.37 0.74 5.33 5.8 6.88 1.14 2.11 4.01 1.73 9.76 5.43 5.77 8.35 1.53 5.55 0.22 2.29 3.94 8.38 4.72
char 40 o o f t d s g c g s n d q j l a n t o a e i h f o q k f r t q j e q t q b a b o
int 40 29 8 43 94 91 73 57 24 72 80 22 47 47 22 18 29 99 57 11 49 37 88 43 83 30 57 61 61 38 77 17 90 60 62 18 4 87 11 65 36
char 42 r l t r h t k j k i g e e l j a s n n b c l k r o m l f d h s t r q c l h n c m o a
char 42 a b m k m i q s o l h j d r e l i s n q n r m g f p h n c k o p g q l m q f o c a i
double 42 7.31 9.91 0.39 7.62 5.39 5.95 4.18 8.19 0.55 8.18 4.82 9.9 1.96 5.2 6.11 2.52 9.39 3.03 2.66 0.85 1.08 5.61 0.52 9.43 0.69 8.12 9.54 5.41 9.7 6.64 8.04 5.43 4.37 4.29 0.24 9.68 9.41 4.69 5.61 1.06 5.67 9.85
char 43 r p k n g p c c f q c t b b i c t j o g r c s g t s g q t q g e q b s j b h n h g p m
bool 43 1 1 0 1 1 1 0 1 0 0 0 1 1 0 0 1 0 0 1 0 1 0 0 0 0 0 1 1 0 0 0 0 0 0 1 0 0 0 0 0 1 1 1
char 44 g r o r r f s q m m g t b r p h d i l n i f h i n f q q e a m a g r g h j f n f g d d c
double 48 7.55 7.24 0.77 1.35 2.16 0.07 9.92 8.59 9.35 9.32 7.71 2.28 6.99 0.56 7.51 5.07 2.21 8.73 1.37 6.22 6.95 3.99 4.3 1.54 2.97 7 9.41 1.93 3.97 6.12 0.42 8.12 1.28 8.83 8.94 1.11 5.67 4.14 7.62 9.17 8.36 6.91 5.72 3.97 5.46 3.02 8.14 3.96
char 48 h c o r f d d p i s r o r p e f h h d i g l r l l d n a b h e i j m j g h m j c o b j r j j m q
char 48 g l m l d h c d t b r e k r g b c f t a i e d j h g p n b g g j l r l b b m p l r r a q a s b t
double 49 3.66 1.35 0.63 1.91 3.29 3.55 3.51 3.23 0.96 0.65 1.29 4.83 2.04 7.25 2.38 4.7 7.48 7.59 3.13 0.85 4.8 9.8 4.53 1.72 3.73 2.27 8.4 1.02 1.3 9.74 2 9.8 3.57 8.79 7.64 9.13 1.57 9.17 4.46 0.65 2.08 8.96 3.6 3.49 3.24 6.29 3.36 0.76 4.86
bool 50 1 1 1 0 1 1 1 0 1 0 0 1 0 1 1 1 1 0 1 0 1 1 0 1 1 0 0 0 1 0 1 1 1 0 1 1 0 1 1 1 0 0 1 0 1 1 1 0 1 1
double 50 7.82 0.29 8.52 4.19 0.85 3.14 3.54 2.69 7.39 7.88 3.95 8.78 5.31 4.2 3.25 2.1 8.85 5.24 3.57 1.21 8.98 4.88 7.49 5.64 3.88 8.77 3.53 1.33 0.04 9.07 3.92 2.01 2.25 3.64 6.9 3.88 2.74 3.58 1.06 7.69 8.06 1.47 7.21 8.9 4.98 9.05 9.3 3.01 8.18 8.46
bool 53 0 1 1 0 0 0 1 1 1 0 0 0 0 1 0 0 0 0 0 0 1 1 0 1 1 1 0 0 0 0 0 0 1 1 0 1 0 0 0 1 0 1 0 1 0 1 1 1 1 1 1 1 0
double 53 2.32 5.06 3.94 7.24 4.79 2.94 2.2 8.7 1 4.65 9.35 8.49 7.02 6.84 9.89 5.77 5.62 7.87 3.43 5.17 5.15 2.73 2.54 1.8 6.96 4.65 5.5 2.76 4.28 3.73 0.68 1.09 7.41 4.32 6.76 1.72 5.58 2.91 9.68 9.14 0.8 3.22 1.88 1.27 9.34 7.35 4.25 8.7 9.3 2.06 3.45 7.09 9.54
double 53 3.81 8.76 4.32 4.94 3.57 7.43 2.54 8.45 5.42 1.55 8.84 7.35 0.26 6.73 8.84 5.25 0.55 8.35 3.22 9.63 0.14 4.15 1.29 8.37 4.22 0.43 0.39 1.94 6.04 9.61 1.34 1.67 8.31 8.9 5.02 6.74 7.61 6.14 7.96 8.66 8.95 0.63 1.36 4.53 5.66 5.38 0.68 2.24 2.6 3.54 2.69 9.57 4.26
int 55 82 97 69 62 95 15 63 65 88 34 69 63 90 48 42 95 31 58 19 55 55 8 64 67 43 53 25 47 28 60 91 75 13 40 3 29 73 66 25 78 1 35 85 87 88 31 25 56 54 48 81 25 2 79 97
int 57 5 29 15 38 86 37 47 8 73 61 39 74 67 86 83 28 69 78 53 22 21 39 17 56 86 62 82 89 55 60 98 28 86 18 58 28 19 67 92 36 78 33 83 1 85 77 46 91 89 11 57 33 75 72 87 58 70
int 57 91 70 73 94 29 38 84 85 6 93 68 15 89 72 29 77 27 89 97 70 71 19 66 14 54 28 83 27 74 47 90 20 9 62 2 88 28 32 30 7 9 20 57 93 58 43 5 25 98 74 95 63 64 2 6 64 9
char 57 m i q o e t n h l p g t l t k r k j s s l q n n p h c e b i i r a t i e t e p q i h g d s s l o g s l c r q l o q
bool 58 0 0 0 0 0 0 0 1 1 1 0 0 0 0 0 0 0 1 0 0 0 1 0 1 1 1 1 0 1 0 0 0 1 1 0 0 0 0 0 1 0 1 0 0 1 1 1 1 0 0 1 1 1 1 0 1 1 1
double 59 9.24 2.3 6.62 3.96 3.9 9.79 8.25 2.12 9.36 2.71 8.46 5.21 0.64 7.57 3.19 3.5 8.62 5.04 5.36 2.21 5.98 2.29 3.81 5.29 7.88 3.5 2.62 3.94 4.82 8.13 1.63 3.6 8.58 4.03 8.47 6.89 3.56 4.59 2.4 5.9 2.48 8.58 9.59 6.74 7.83 7.67 3.34 1.25 5.25 0.41 4.56 2.81 1.89 2.16 2.84 6.49 5.32 9.98 5.68
bool 59 0 0 0 0 1 0 0 1 0 0 1 1 1 0 1 0 0 0 1 0 0 0 0 0 0 1 1 1 0 0 1 1 1 0 1 1 1 0 1 0 1 0 0 0 0 0 1 1 1 0 0 0 0 1 1 1 0 1 1
double 60 6.96 5.84 4.55 1.79 6.48 9.47 9.49 9.76 8.24 4.39 3.33 7.59 0.78 8.77 7.52 0.08 4.62 3.65 8.08 2.29 2.4 3.23 4.82 9.99 0.74 3.64 4.8 6.44 2.98 9.05 3.4 1.96 2.47 5.25 9.43 2.34 1.69 4.17 0.89 3.53 4.77 0.43 8.72 8.29 4.85 3.36 4.96 4.48 1.95 7.83 6.4 1.15 2.92 6.7 1.11 7.7 3.79 3.19 0.9 4.07
char 61 j c b p p e j j g s e a n d g m c g i g p c i t i t h h r l p c h g t q r g r m i p t i j c h m s g e f t b k i r q o i t
double 61 1.12 6.58 4.87 1.23 8.85 8.65 6.01 2.6 9.75 8.13 7.08 0.96 9.12 8.26 8.35 3.1 2.46 9.39 4.05 2.35 2.53 6.89 7.85 8.04 1.14 2.52 4.89 9.76 7.36 6.01 8.74 6.8 2.75 6.52 0.93 7.53 6.55 0.49 6.03 4.1 3.31 8.89 0.32 8.15 5.08 9.95 6.04 3.72 1.71 5.33 8.76 8 4.18 9.95 7.67 3.64 1.1 2.5 2.42 4.13 3.24
int 62 76 80 72 59 91 68 79 81 52 35 69 85 57 37 81 63 40 6 34 19 98 49 39 23 51 17 50 78 74 20 29 45 61 37 57 47 44 71 63 99 19 86 24 56 46 20 37 58 42 55 48 84 85 58 61 52 11 85 92 21 51 33
int 62 70 81 66 24 25 95 10 8 93 51 70 84 37 27 14 2 12 21 33 76 27 56 87 67 35 8 97 75 68 2 5 88 23 30 80 52 19 78 50 27 74 92 76 57 54 66 92 78 71 31 91 37 90 86 33 20 77 11 66 19 79 28
int 65 11 9 72 1 10 3 31 1 25 72 83 91 26 93 76 58 71 25 71 6 79 27 98 93 97 81 8 16 98 72 97 84 53 43 90 87 23 69 89 52 19 45 22 21 7 64 71 37 30 90 8 1 74 38 30 5 51 50 61 5 6 88 19 18 6
bool 66 1 0 0 1 1 1 1 1 1 0 0 0 1 1 0 1 0 1 0 0 0 0 0 0 1 0 1 1 1 1 0 1 0 0 1 1 1 0 0 1 1 0 0 0 1 0 0 1 1 1 1 1 1 0 1 1 0 1 0 1 0 0 1 0 1 1
char 67 p p q e b l b g d b o h a m d r p n s p m s r e e d n k b q p p a l i j d a k l j j t c r p i t n k e f r k g d d j q f l b h n r f q
int 67 32 24 89 37 58 21 56 46 60 38 83 13 73 85 30 58 90 1 33 95 89 85 49 54 38 36 51 92 82 52 84 24 23 49 6 46 77 25 48 33 33 6 74 12 19 93 60 88 49 17 63 74 74 65 26 41 22 51 69 97 31 23 33 92 86 77 27
bool 68 1 1 0 1 0 0 0 0 1 0 1 0 1 0 0 1 1 1 0 1 1 1 1 1 1 0 0 1 1 0 1 1 0 1 0 1 0 0 0 1 0 0 1 0 1 1 0 1 1 1 1 0 0 0 0 0 0 1 1 0 0 1 1 1 0 0 1 0
bool 68 1 0 1 0 1 1 0 1 1 1 0 1 0 1 1 0 1 0 1 1 0 0 0 1 0 0 1 0 0 0 1 1 0 1 1 0 1 1 1 1 1 1 1 1 1 1 0 1 0 0 1 1 0 0 0 0 1 1 1 1 0 0 1 0 0 0 1 1
char 69 h t j t e a q g c k g p t c b r o h m f q m h k h n h t l q m f h j r t m m s s f g s m k n r o n p e r p r e a f e b c e q s q j o s q b
double 70 1.97 2.23 2.71 7.56 6.34 3.41 8.95 3.82 2.18 5.18 2.36 5.66 5.41 1.92 3.35 7.98 3.81 8.24 5.65 1.67 5.49 3.33 9.12 7.48 0.08 4.27 6.69 9.31 2.59 3.53 3.58 5.2 5.39 7.34 3.8 1.8 6.61 1.6 4.3 0.57 9.49 2.53 0.3 2.34 1.47 2.91 6.2 4.22 0.61 9.3 7.2 2.91 3.72 8.71 4.09 5.59 2.64 4.22 3.88 4.78 1.89 8.03 6.34 7.93 4.68 2.38 1.14 5.52 9.72 9.19
bool 72 0 1 0 1 0 0 1 0 0 1 1 1 0 1 0 1 1 0 0 0 1 0 0 1 1 1 1 1 0 0 1 0 1 0 0 1 1 1 1 1 1 1 1 1 0 1 1 1 0 1 1 0 1 1 1 1 0 0 0 1 0 1 1 0 1 1 1 1 0 0 1 1
bool 74 1 0 1 1 0 1 1 0 1 1 0 1 1 0 1 1 1 0 1 1 0 1 1 1 1 0 1 1 1 0 1 0 0 1 0 0 0 0 0 1 1 0 0 1 1 1 0 1 1 0 1 1 0 0 0 1 1 0 0 0 1 0 0 0 1 0 0 1 1 1 0 0 0 1
bool 76 1 1 1 0 1 1 1 0 1 1 1 1 1 0 1 1 1 0 0 0 0 0 1 0 1 1 0 0 0 1 0 0 0 1 0 1 1 1 1 0 1 1 1 1 1 1 0 1 0 0 1 0 0 1 1 1 0 1 1 1 0 0 0 0 1 1 1 0 1 1 0 1 0 0 1 1
int 77 42 73 48 4 80 92 8 59 25 1 77 60 87 30 97 67 27 26 18 91 76 88 68 97 31 89 68 14 10 12 53 11 10 93 15 13 35 67 50 62 88 26 71 46 59 81 73 10 55 34 77 90 11 88 97 6 90 37 66 74 32 39 18 77 19 34 98 28 81 7 60 21 32 83 67 31 3
double 78 5.24 0.94 2.27 5.66 9.35 5.1 5.62 3.14 2.12 7.98 8.27 5.23 8 2.32 8.44 8.81 9.97 4.03 8.07 0.74 9.86 0.22 9.28 5.03 6.64 9.18 6.47 3.34 8.9 1.88 6.15 5.73 2.32 3.34 6.39 6.03 3.82 9.91 9.74 3.16 1.11 2.51 0.96 9.94 0.39 7.42 9.28 2.75 5.27 2 3.54 3.43 6.56 2.68 1.35 5.89 1.17 6.73 7.1 4.48 0.59 9.44 2.51 4.49 3.79 0.43 8.31 7.22 6.05 4.38 0.38 4.19 7.44 7.47 3.59 8.83 9.87 8.23
double 78 3.13 6.43 3.59 4.04 8.43 2.86 4.86 6.32 9.01 2.35 1.49 2.54 1 0.37 1.27 5.82 5.96 7.43 2.48 8.51 8.85 4.31 0.17 6.92 1.48 6.45 3.21 3.77 3.15 9.25 2.35 7.22 0.89 5.83 7.15 2.88 1.71 1.13 9.55 8.63 1.28 2.09 1.7 9.67 9.93 1.02 9.23 2.66 1.77 0.77 1.62 1.06 7.79 0.05 1.05 1.82 7.78 8.17 0.34 0.31 4.88 4.69 6.65 3.17 5.91 5.69 0.99 3.01 7.76 7.14 8.21 6.09 3.16 6.25 4.4 2.17 2.74 1.94
char 80 b m s h q n i p f g s k q t n b a g r d h e n p t a p b b r l i q l r d t f a l l k s n t i o h j j f d o c o g b o p i a e g i b h n h t r n h j r g b o d f r
double 80 8.02 2.68 0.2 5.73 6.52 9.86 7.67 9.71 7.52 0.36 1.89 9.85 5.01 6.51 9.8 8.93 6.2 3.15 5.59 6.58 3.83 8.67 2.29 5 8.63 4.16 0.52 3.29 4.52 9.25 7.66 7.8 1.83 7.76 7.78 0.58 9.41 9.73 0.76 5.51 4.37 4.43 3.16 0.45 6.11 7.71 8.02 3.93 7.34 2.49 1.74 3.42 4.78 8.57 1.54 2.26 5.3 2.74 6.61 6.96 7.03 3.94 2.48 0.71 8.27 6.34 2.83 2.69 1.5 3.19 2.15 7.61 9.71 7.91 2.82 9.35 0.45 0.32 3.32 9.14
double 82 9.05 0.76 4.03 3.49 8.44 2.87 4.19 6.37 4.6 8.26 5.99 3.3 4.41 2.91 0.32 1.81 1.14 7.01 7.26 0.61 9.39 9.22 5.76 6.81 0.77 1.14 0.25 5.49 9.06 6.9 6.99 9.49 2.58 5.21 0.55 4.59 1.38 9.96 8.38 2.58 1.26 0.97 6.06 3.31 2.67 6.29 5.82 5.72 6.33 3.28 5.81 5.2 9.98 3.17 7.34 9.34 9.43 4.96 4.19 9.37 3.62 3.88 4.24 0.3 9.3 7.79 8.07 5.18 4.53 0.58 8.65 1.73 1.4 5.93 2.79 1.53 9.12 0.02 8.45 2.58 7.2 1.08
char 82 a e e d n g g b n h h i f n k n o p h t s c a e r j t b r k e d d r h r i q f s k d o m d q l j s j i b l m q t c s n n m b f e g r s d s n p t k f r i q s h o t s
int 84 31 69 57 16 7 19 67 11 29 56 91 81 44 89 37 19 32 77 22 65 52 14 16 81 16 81 33 58 26 99 16 15 32 40 78 12 91 63 31 51 51 78 13 13 6 15 49 32 70 73 88 72 92 46 83 45 77 16 84 57 86 17 53 69 54 30 28 8 68 33 76 91 56 21 46 96 11 78 77 82 64 74 55 60
double 85 2.41 4.77 1.98 8.04 4.21 5.39 3.5 2.9 8.31 8.33 9.22 5.93 5.82 9.92 3.05 8.23 4.15 0.96 3.05 8 6.93 7.69 5.94 3.66 5.07 0.3 8.66 0.65 1.24 4.81 6.5 2.63 8.96 7.29 2.94 1.52 8.54 2.99 2.76 9.32 5.07 2.22 5.81 5.05 5.43 0.53 7.22 8.23 4.36 6.82 6.44 8.81 2.75 9.56 7.55 8.23 7.18 3.95 0.15 2.32 9.71 5.27 9.72 6.71 2.13 8.92 0.29 6.56 2.38 1.88 1.64 5.69 4.85 2.31 4.65 7.83 6.2 6.41 8.77 2.24 1.44 0.61 0.95 1.44 6.13
bool 85 0 1 1 0 1 0 1 0 0 1 0 1 1 1 1 0 0 1 1 0 1 1 1 0 0 0 0 1 0 0 0 0 1 1 1 1 1 1 1 1 1 0 1 0 0 1 0 1 1 0 1 0 0 1 0 1 1 1 1 0 1 0 0 1 1 0 1 1 0 1 1 0 0 1 1 0 1 0 1 1 0 0 0 1 0
int 90 82 10 73 70 34 18 91 13 45 67 7 55 68 55 87 54 44 68 57 45 59 43 78 97 91 90 47 75 91 40 58 91 31 90 32 14 58 37 5 6 26 92 39 51 87 14 35 79 87 29 91 21 72 1 49 9 63 79 38 80 11 58 14 55 42 87 99 56 81 31 57 8 63 34 87 54 55 68 9 73 57 50 77 35 9 10 29 51 72 24
int 92 26 90 32 53 2 87 77 93 71 1 64 58 82 57 63 27 48 63 95 38 69 58 69 62 90 32 70 67 86 20 26 53 73 18 35 76 68 88 91 30 82 23 28 34 89 40 79 17 19 73 21 85 82 68 29 46 94 46 69 94 31 1 82 5 94 85 1 15 62 76 60 8 1 88 78 98 77 50 59 2 65 62 82 34 86 34 6 24 2 67 69 21
char 95 e a k b k r r n n n t g t j n a f f j q g d c p g h c f k j e g o c i g j p e c c j s q j e d l c j a m g l t b h g c o o s f g l e e a s j f i s m c a l j e r r c s c e p l b m m l b c h o
bool 95 0 0 1 0 1 0 0 1 1 0 1 1 0 0 1 1 1 1 1 1 1 0 0 1 1 1 1 1 0 1 1 0 0 0 0 1 0 1 0 1 0 1 0 1 0 1 0 0 1 0 0 0 0 1 0 0 0 1 0 0 0 1 0 0 1 1 1 0 1 1 0 0 0 0 1 1 1 0 0 1 0 1 0 0 0 1 1 0 1 0 0 0 0 1 0
double 97 3.3 7.79 7.63 3.29 8.3 6.58 0.68 5.19 8.94 3.49 7.93 0.9 4.73 9.24 3.39 7.31 7.55 9.93 8.52 1.32 4.22 7.37 8.2 7.94 0.04 0.41 0.39 0.17 4.42 5.11 3.94 3.6 2.16 3.13 0.77 3.25 9.92 9.2 0.05 7.21 2 2.44 3.63 3.82 2.45 4.49 9.13 3.02 9.3 5.56 8.51 7.47 0.64 9.77 7.03 4.51 1.14 0.63 9.32 4.01 9.41 0.79 1.51 1.43 7.76 6.09 9.4 3.51 7.61 7.52 6.51 2 5.97 4.28 1.43 9.86 7.03 1.29 2.42 3.25 5.32 4.8 7.1 6.02 6.95 5.23 2.87 7.29 4.14 5.02 2.38 5.72 1.3 2.52 0.37 1.4 6.4
bool 97 1 0 1 1 0 0 1 1 1 1 1 0 1 1 1 0 0 1 0 1 1 1 1 0 0 1 1 0 0 0 0 1 0 1 0 0 0 0 1 1 1 1 1 0 1 1 0 1 0 1 1 0 0 1 1 0 0 1 1 1 0 1 0 1 1 1 0 1 0 0 1 1 1 1 0 1 0 1 1 1 0 1 1 1 0 0 0 1 1 0 1 0 1 1 1 1 1
char 98 n c f k f a m h b i i k g d p s b e t r f r i n k i l a s t m m g o m s b b n n p t p g e d f m o g n n q n a g f e f t b t b k q r k p e b o p d o g a a o f b q b t j h l b g s t d r f f s l f m
bool 98 0 1 0 1 1 0 0 0 0 0 1 1 1 0 0 1 0 1 0 0 0 0 0 0 1 1 1 1 0 1 0 0 1 1 1 0 0 0 0 1 0 0 0 1 0 1 1 1 1 1 1 1 0 1 1 1 1 0 1 1 1 0 0 1 1 1 1 1 0 0 1 1 1 1 1 0 0 0 0 0 0 0 0 1 0 1 0 1 1 1 1 1 1 0 1 1 1 1
bool 100 0 1 1 0 0 1 0 0 1 0 0 1 0 0 0 1 1 0 1 1 1 0 1 1 1 0 1 1 0 0 0 1 1 1 1 0 0 0 0 1 1 1 0 1 1 1 1 0 0 1 1 0 1 1 1 1 1 1 0 1 0 0 1 1 0 1 1 0 0 1 1 0 1 1 1 1 1 1 1 1 0 0 1 1 1 0 1 1 1 0 0 0 0 0 0 1 0 1 0 0
double 102 7.24 0.03 2.35 2.83 6.63 5.8 1.13 2.23 3.83 4.03 3.23 0.22 5.26 9.58 2.45 2 5.91 5.96 1.57 4.9 9.57 6.31 6.93 4.51 5.79 7.09 9.53 3.49 5.21 3.86 9.36 7.91 0.35 9.66 9.32 9.15 4.35 5.89 5.18 3.76 1.27 2.68 1.7 2.54 1.29 4.42 5.6 7.63 9.07 5.26 6.88 3 8.86 6.78 9.87 2.4 6.55 6.92 9.89 0.11 1.56 6.4 9.86 4.74 6.48 7.02 1.32 5.38 8.56 2.54 6.1 2.48 4.62 5.26 2.49 0.49 9.16 7.48 4.84 5.65 1.76 3.2 9.53 2.13 2.31 1.61 4.29 3.64 0.06 5.97 8.2 9.01 2.42 5.96 5.5 7.15 3.41 8.77 1.75 7.55 4.99 4.48
double 103 8.97 1.08 9.91 5.84 9.38 1.03 1.23 5.78 7.87 0.5 4.45 1.43 9.04 5.53 0.25 8.74 7.98 5.28 3.9 7.58 5.6 7.87 4.48 6.47 2.15 2.84 6.18 9.79 9.06 2.99 6.29 4.57 9.08 2.89 0.5 2.18 3.18 4.95 9.28 1.1 7.85 9.39 3.7 2.12 5.29 5.89 9.37 6.77 7.27 2.11 4.24 8.08 5.07 4.79 9.25 7.04 7.49 2.97 3.98 7.64 4.55 5.43 0.47 5.55 3.03 6.5 3.82 6.21 8.22 8.58 1.03 3.86 0.03 4.39 4.74 3.63 8.98 5.86 1.47 6.54 5.53 2.6 6.97 3.98 6.48 4.16 6.28 4.89 5.21 1.57 1.77 0.25 6.07 6.07 4.59 8.29 4.7 2.55 9.23 9.48 8.64 3.41 1.97
char 103 j d d d n e e c r j n m l r g d m d n l l m q q i p n m b c a h q d j t a b h d c m q e h s j j a p f m p q m m p o q f f g k k r o t p r p s n t s l n n c l o b b e t f o o r b r t o t r t p k k s n g c t
bool 103 0 1 1 0 1 1 1 0 0 1 1 0 0 0 0 0 0 0 0 1 0 1 1 0 1 1 1 0 0 0 0 0 1 1 1 0 0 0 0 0 0 1 0 1 0 1 0 0 0 1 1 1 0 1 0 1 0 0 1 0 1 1 1 1 0 1 1 0 0 0 1 1 0 0 0 1 1 0 0 0 1 0 1 1 0 1 0 0 1 0 1 1 0 1 1 0 1 1 1 0 0 0 1
double 105 6.68 6.32 8.29 9.08 1.52 8.61 8.17 5.86 4.85 0.55 2.27 3.22 2.58 6.27 5.44 8.87 3.42 3.91 6.46 7.27 8.6 3.13 1.1 2.11 3.47 9.74 9.04 8.16 1.69 3.78 1.38 3.88 5.36 0.75 5.35 6.1 0.04 9.29 1.77 3.41 5.45 6.26 8.42 6.41 2.11 5.28 7.32 4.68 8.64 8.77 1.04 4.29 9.83 4.63 8.59 0.1 0.77 6.55 6.99 0.57 1.62 7.11 8.87 0.13 0.84 9.01 2.29 9.87 6.73 6.92 4.12 6.08 7.98 3.78 0.15 1.04 7.45 6.64 4.68 4.84 4.21 3.56 5.49 0.91 6.18 4.34 1.98 9.05 5.74 1.95 0.31 5.54 0.16 5.54 5.18 2.08 5.5 2.39 0.8 0.77 8.09 7.9 8.28 6.3 1.65
double 106 9.04 8.53 1.92 4.31 8.96 4.48 7.74 1.35 1.31 5.22 3.16 9.02 2.48 3.94 5.86 9.4 1.7 1.5 8.91 0.44 1.04 5.84 2.48 0.38 1.76 0.74 2.3 3.81 9.32 9.41 1.46 9 3.71 8.03 9.42 6.12 5.31 6.22 5.56 0.85 5.17 3.41 5.39 2.01 4.18 0.07 7.69 1.61 5.45 8.65 6.85 3.83 0.29 7.51 7.21 4.68 5.21 4.47 5.03 2.37 3.47 7.95 7.88 7.25 1.78 9.95 8.11 1.76 0.8 9.09 7.53 0.63 9.29 0.44 8.51 6.73 7.83 1.08 8.78 0.83 7.46 5.08 9.3 5.9 9.41 5.62 0.16 2.34 2.68 7.87 9.25 6.41 7.05 6.77 5.16 9.8 9.14 7.74 5.4 7.4 3.88 4.46 5.16 2.24 0.66 1.22
char 106 r o f m k q j h h f f f n e b a f l c c i n j j g l a r i j j m f c r r p c p q d b t t m m q a o f d a e g g p l a s p d a q r p g g t a h f e n j n f b d j h s n r d e c q n a b j m j m k d a p n r n k d g f e
bool 107 1 0 0 1 1 1 0 1 1 0 0 0 1 0 0 1 0 0 0 1 1 1 1 0 1 0 0 1 1 0 1 0 1 0 1 0 1 0 1 1 1 1 0 1 0 1 0 0 0 1 0 0 1 0 1 0 1 0 1 0 1 0 0 1 0 1 1 0 1 0 0 0 0 0 1 0 1 1 1 1 1 1 1 1 0 1 1 0 1 0 0 1 1 0 0 1 1 1 0 1 1 1 0 0 0 0 0
double 108 2.09 1.55 8.23 6.25 0.52 8.01 2.85 4.63 0.58 9.99 7.83 1.69 8.79 0.55 0.69 3.28 7.71 1.89 7.57 7.41 4.69 1.43 9.74 6.87 3.56 5.63 2.61 4.53 8.92 8.64 2.06 2.87 6.42 1.1 3.79 9.67 2.85 3.95 1.95 5.24 4.73 1.84 4.82 3.47 3.93 2.57 8.68 2.76 3.01 0.91 6.59 2.37 3.94 0.13 9.79 1.08 5.51 8.88 6.88 7.71 9.81 1.96 9.62 5.91 0.24 3.68 4.14 9.65 7.67 5.55 6.24 0.07 4.72 5.54 5.93 2.83 8.87 3.13 6.64 5.87 0.63 3.54 3.82 2.99 2.43 3.37 0.91 8.28 9.88 9.76 7.05 8.55 4.1 9.38 4.36 5.98 2.83 0.37 3.34 5.8 7.23 0.48 7.33 7.56 7.86 2.51 5.05 2.63
