double 10 9.58 8.28 9.94 0.95 3.95 2.06 3.88 8.28 7.2 7.22
double 11 2.14 5.03 4.06 6.05 9.35 5.31 5.95 1.16 6.91 7.34 4.97
bool 11 1 1 1 1 1 1 0 0 1 0 1
char 12 a o e p j h p n j a p p
int 12 31 40 9 96 24 16 31 16 45 7 71 81
bool 13 0 1 1 1 1 1 1 1 1 1 1 0 1
char 13 c p o f n a l t o f j n j
bool 14 0 0 0 1 1 0 0 1 1 1 0 1 1 1
double 14 4.98 6.55 6.36 1.64 8.69 9.8 6.26 4.86 2.05 7.92 6.17 6.04 8.44 1.61
int 14 79 89 91 58 57 36 55 54 53 67 97 67 65 91
bool 16 0 0 0 1 0 0 0 0 0 1 1 0 0 0 1 0
int 16 80 15 85 61 16 27 20 61 56 86 9 3 85 95 54 25
bool 16 0 0 1 1 0 0 0 1 0 1 0 1 0 0 0 1
int 20 53 56 45 45 1 27 42 77 94 46 84 27 56 68 36 14 85 60 60 98
double 21 9.81 3.95 0.01 4.85 2.45 3.27 3.48 3.4 8.41 5.52 0.33 3.76 2.71 3.97 4.54 3.82 3.37 1.72 7.84 9.66 3.91
double 22 4.01 6.97 9.72 7.98 3.78 5.8 7.11 3.98 7.56 1.33 8.08 2.09 7.8 4.03 8.71 8.91 5.12 6.96 7.41 9.29 5.61 7.32
bool 23 1 0 1 0 0 1 1 1 1 1 0 1 1 1 0 1 0 1 1 1 0 1 0
int 24 79 60 97 20 73 39 99 51 26 38 15 54 67 85 12 73 5 75 89 98 15 33 89 52
bool 24 0 1 0 0 1 0 1 1 0 0 1 1 0 0 0 1 1 1 1 0 1 1 0 1
bool 24 0 0 1 0 0 1 0 1 1 1 1 1 0 1 1 1 1 1 1 1 0 0 1 1
int 25 15 59 31 80 95 46 63 17 78 32 50 56 9 45 49 77 86 44 27 14 46 78 15 24 27
char 26 b e m h e e q o h i i e h p m q r f e o i n d k e k
char 26 m t t j l o e e l e l h b t r p g l l s c n s d d a
double 28 2.69 5.48 0.53 2.59 3.79 6.81 9.6 7.11 5.68 1.86 0.34 1.96 0.77 1.55 8.11 6.62 9.3 4.62 0.26 7.91 6.66 8.88 6.95 9.93 0.18 1.45 7.52 1.03
char 28 q r q t n d q d p p t b n m e p q d a j r d f c b r c s
double 29 9.56 0.72 0.36 5.78 3.73 5.25 9.92 1.65 5.89 0.4 6.67 8.22 3.33 0.98 6.44 2.2 3.24 3.22 4.58 4.46 7.33 6.1 1.35 0.08 4.73 4.59 3.71 5.11 3.81
bool 29 0 0 1 1 0 1 1 0 0 0 0 0 1 0 0 0 0 0 0 1 1 0 1 1 0 1 1 0 1
bool 30 1 0 1 0 1 1 1 1 1 0 0 1 1 0 1 1 1 0 0 0 0 0 1 1 1 0 0 1 0 0
int 31 30 36 72 59 93 5 36 47 28 15 7 40 66 59 15 96 63 34 30 63 57 39 58 49 15 18 93 98 48 42 87
int 32 72 25 11 91 79 19 58 73 34 97 2 78 1 19 91 4 55 46 79 21 24 55 46 51 95 79 74 55 56 37 6 65
double 32 9.58 6.82 5.59 5.63 4.86 9.75 4.47 8.07 5.23 1.1 7.6 6.58 8.83 1.73 2.92 8.64 8.53 2.67 5.34 1.07 3.76 7.19 5.38 6.29 8.39 9.23 8.82 0.97 3.36 6.68 1.59 0.35
int 33 85 15 3 80 33 3 17 6 82 21 79 79 36 44 42 50 10 77 54 67 88 19 67 87 92 59 83 52 21 67 40 2 68
int 33 26 24 77 45 99 50 4 43 2 73 1 87 99 18 99 74 32 14 88 90 86 19 63 44 85 60 80 96 86 25 5 71 82
int 33 8 34 95 67 92 60 63 93 52 23 26 5 62 19 33 61 41 56 24 42 20 49 26 23 5 99 69 68 29 20 3 18 44
char 34 k p p n o e i g b g g j j e f k r o i k l n s e i m b f t g n c s m
int 35 56 22 56 94 52 71 89 88 63 30 91 91 12 32 83 45 13 84 92 12 58 21 20 12 78 15 29 60 24 53 28 16 10 32 82
double 38 8.37 1.62 5.84 0.79 9.45 9.23 0.27 0.2 6.85 2.27 7.4 1 1.06 0.35 6.18 3.51 6.53 9.3 8.5 8.61 4.58 3.75 1.62 5.48 3.54 3.24 7.88 6.35 4.26 2.53 8.07 0.15 9.03 4.52 4.93 3.42 9.65 2.74
char 39 n s g j p m b e h b h r h l d l r c n j s i k h p c p i r o o b h s e l n e o
char 40 o f d c k p e b k s q e h l f d e m j f d l g t g l e s s o s q d a m p n s n e
int 40 39 84 24 62 3 73 91 68 82 61 15 63 65 97 33 26 71 3 94 31 99 83 80 37 62 59 93 99 4 66 35 38 63 4 10 96 83 23 38 93
int 44 79 26 18 5 16 9 82 81 74 66 68 88 3 35 11 12 88 30 78 19 76 76 21 34 47 92 54 93 1 25 15 36 56 20 9 18 81 20 94 51 21 75 42 37
char 44 f a r b j l g r c m b g m b k e g k t g d m s g f q q k t e s n e k f k r m o n n n r i
bool 45 0 0 0 1 0 0 1 1 0 0 1 1 0 1 1 1 0 1 0 0 1 1 0 0 1 1 1 0 1 1 1 0 0 0 0 0 0 0 1 1 1 0 0 1 1
bool 46 0 1 0 0 0 1 1 0 0 1 1 1 0 1 0 0 1 0 0 0 0 0 0 1 0 0 1 1 1 1 0 0 1 0 0 0 0 0 1 1 0 1 1 0 0 1
int 47 31 79 61 38 64 65 51 7 56 45 65 26 98 47 53 24 7 38 18 26 51 98 78 7 71 81 21 3 67 18 58 44 44 38 26 78 97 47 49 79 73 72 11 9 2 48 84
bool 47 1 0 1 1 0 0 1 1 0 1 0 1 0 0 0 0 1 1 0 1 1 1 0 0 1 1 0 1 0 1 0 1 0 0 1 0 1 1 1 1 1 1 1 0 1 1 0
char 49 k p b b g j k b j c q k a j b s p e e k b h d m a n h p r c r a q t h a q a e e e t p k d l l f l
bool 49 1 1 0 0 0 0 1 0 0 1 0 1 0 1 0 1 0 0 0 0 0 1 1 0 1 0 0 1 0 0 1 1 1 0 1 0 0 0 0 0 0 0 0 1 0 0 0 0 0
bool 50 1 0 0 1 0 1 0 1 0 1 1 0 0 0 0 1 1 0 0 1 1 1 0 1 0 0 1 0 0 0 1 1 1 1 1 0 0 0 0 0 0 1 1 0 1 0 1 0 0 0
double 51 1.58 9.99 2.1 4.18 3.38 9.33 7.74 8.36 5.92 8.32 0.23 7.22 1.08 8.38 4.25 2.28 5 5.57 0.48 6.3 6.38 8.69 8.78 3.48 7.93 4.7 4.3 8.4 5.09 8.86 2.5 8.98 6.49 1.14 5.26 9.5 5.24 6.04 6.86 3.37 8.4 1.39 5.73 4.68 3.72 2.21 5.55 5.64 1.2 5.64 6.77
int 52 5 82 2 6 42 62 45 82 73 44 59 93 18 13 95 13 8 54 16 64 26 3 91 7 20 53 78 9 56 93 61 74 92 81 20 27 99 17 30 87 68 69 51 92 72 44 10 94 76 2 1 83
bool 56 1 0 0 1 0 1 0 0 1 0 0 1 0 1 0 1 0 0 0 1 0 0 0 0 1 1 0 0 0 0 1 1 1 1 0 1 1 1 1 0 1 1 0 1 0 0 0 0 0 1 1 0 1 1 0 1
char 56 q h f q a o g c i s i o r s a s n q n d e o q p h o c e d o t t g s o r j s m a k f f c p s a a b g t c e j o h
double 57 1.83 7.02 4.8 4.41 3.49 9.45 4.2 4.2 2.9 8.15 5.53 9.52 1.2 7.76 7.72 8.82 0.57 7.44 6.87 7.42 3.33 2.2 8.84 1.45 7.44 4.67 7.27 4.58 0.24 7.79 6.52 1.85 6.12 5.85 1.96 3.44 6.37 0.91 3.96 7.86 6.79 9.15 0.84 7.91 4.09 8.99 3.19 9.53 5.06 5.77 6.07 8.41 0.84 3.36 6.76 0.47 4.08
double 58 0.41 9.38 7.43 8.05 2.88 9.53 0.19 2.8 1.84 8.92 9.6 4.74 9.45 8.67 9.95 1.27 9.73 2.51 3.88 0.94 5.3 3.25 1.4 2.1 4.18 4.99 2.58 0.13 6.8 0.58 9.58 2.89 3.03 0.05 5.98 8.36 2.07 2.07 6.45 4.69 7.47 3.21 9.61 7.35 7.8 7.15 7.68 2.99 4.75 7.3 2.27 7.43 5.21 7.46 6.31 4.06 8.28 7.86
double 61 8.11 5.49 5.86 2.57 2.41 7.97 4.77 4.88 0.84 8.92 8.65 8.78 0.99 0.18 0.47 2.12 6.98 9.85 0.37 9.1 8.84 5.7 6.81 9.69 6.27 3.57 2.32 4.57 6.63 8.88 7.8 6.36 2.48 8.46 8.73 0.26 0.18 9.17 6.96 4.51 0.81 2.79 9.87 7.12 1.8 6.79 7.95 6.26 8.31 4.38 1.47 6.69 1.86 7.99 6.76 8.85 5.37 4 4.94 2.38 6.44
int 62 48 73 95 11 98 7 8 44 61 49 34 72 73 77 76 17 6 4 71 87 15 1 42 23 90 51 4 56 28 34 98 55 39 49 62 33 63 81 36 24 13 93 86 69 93 87 23 42 94 96 75 8 39 76 15 35 40 94 44 78 96 43
double 63 5.57 8.2 3.82 2.97 0.18 0.42 9.07 0.77 5.98 8.98 2.42 2.37 6.43 4.71 2.02 1.82 7.66 1.16 1.91 4.69 8.46 5.2 9.76 8.84 1.89 1.89 5.74 1.44 2.74 9.65 8.99 2.36 3.14 5.11 0.38 2.21 9.3 8.95 9.34 9.2 4.16 2.66 5.99 8.05 4.77 2.47 8.6 4.71 7.24 7.35 7.58 0.89 8.58 2.88 1.41 3.85 8.05 8.6 8.51 6.27 3.29 9.65 3.24
double 67 7.29 9.81 5.52 1.85 2.53 8.23 1.93 3.6 8.71 5.61 2.04 5.38 2.56 2.5 7.42 9.14 8.1 7.39 0.21 4.91 0.58 7.82 4.65 8.73 6.64 2.78 3.41 4.31 5.69 6.01 5.09 4.44 8.56 8.38 5.12 6.93 8.01 0.09 8.22 4.8 6.54 5.09 6.03 7.15 0.34 0.91 0.25 9.14 0.78 3.58 3.9 4.68 1.46 2.63 8.54 3.54 6.05 0.13 7.07 9.16 0.13 4.37 7.08 2.32 2.18 1.43 9.13
char 67 p k i a p f i d b o e p g m l s e c f j t o g q k i f o s a g h a d m k s m g e l g n i h j d h a t f f p l c c p n s q d b p f g k g
bool 68 0 1 1 0 0 0 0 0 0 0 0 0 0 1 0 0 0 0 1 1 0 0 1 0 1 0 1 0 1 1 1 1 1 1 1 0 0 0 0 0 0 0 1 1 1 0 0 1 1 0 0 0 0 1 1 0 0 1 1 1 1 0 0 1 1 0 1 1
double 70 1.97 2.23 2.71 7.56 6.34 3.41 8.95 3.82 2.18 5.18 2.36 5.66 5.41 1.92 3.35 7.98 3.81 8.24 5.65 1.67 5.49 3.33 9.12 7.48 0.08 4.27 6.69 9.31 2.59 3.53 3.58 5.2 5.39 7.34 3.8 1.8 6.61 1.6 4.3 0.57 9.49 2.53 0.3 2.34 1.47 2.91 6.2 4.22 0.61 9.3 7.2 2.91 3.72 8.71 4.09 5.59 2.64 4.22 3.88 4.78 1.89 8.03 6.34 7.93 4.68 2.38 1.14 5.52 9.72 9.19
bool 71 0 1 0 0 0 1 1 1 0 1 1 0 0 0 0 0 1 0 1 1 0 1 0 1 0 1 0 0 1 0 0 1 1 1 1 0 1 0 1 1 0 1 0 0 1 1 1 0 1 0 0 0 1 1 1 1 1 0 0 1 1 1 1 1 1 0 0 1 1 0 1
double 71 2.54 5.54 4.06 3.7 9.02 2.63 6.32 6.03 0.68 5.67 6.18 6.54 3.09 1.16 8.14 1.19 7.84 0.59 7.09 2.04 3.76 0.61 3.92 8.32 0.4 2.7 7.9 0.72 4.99 0.74 0.44 7.6 0.86 7.27 1.18 2.12 8.1 5.85 7.15 7.85 1 4.37 3.82 8.12 0.72 4.14 2.29 9.07 5.32 4.82 7.98 3.04 7.01 3.23 4.53 9.93 0.07 2.12 5.14 0.59 6.62 7.93 4.9 5.57 9.96 6.04 8.5 3.67 0.29 6.22 6.9
char 72 k l l d q n e g b h q b d p r m r c i o k g b k i l n b g e g c g m j s t b q n i p d f k d k f o s f i g l r o c k k t l t l r h d m b o o d e
double 74 1.16 0.95 1.26 8.64 5.95 2.64 2.24 1.92 7.33 2.04 4.26 4.79 1.62 2.38 2.4 6.32 7.55 2.26 4.37 3.9 3.08 2.61 3.15 6.17 6.34 7.79 6.21 0.58 9.07 0.89 6.28 1.67 5.43 6.28 4.8 3.46 1.07 6.85 6.57 1.85 5.2 1.04 1.09 4.69 6.56 5.45 1.84 0.81 0.07 0.38 8.71 9.54 5.85 9.75 2.26 6.83 3.85 9.29 9.4 2.62 8.39 4.84 8.9 2 1.46 7.15 4.01 2.93 4.46 7.05 2.34 9.76 7.79 0.85
char 75 c n k g t q t b n d e n p k n m f d g t h m k k e p j b p h b c l b k q s s q t m g i i a e j q p k j q n b i m s e i h n f b r b n k g m e c q p o e
double 75 2.91 2.34 1.83 5.67 9.88 5.03 2.35 8.85 4.98 4.71 2.85 6.74 7.72 2.8 4.49 3.62 2.16 8.17 5.66 5.66 3.6 6.28 9.16 5.49 2.92 8.96 7.45 6.53 2.22 7.36 1.38 7.95 0.27 1.54 8.02 9.48 5.26 9.81 9.16 9.81 8.07 0.88 9.44 1.9 0.18 5.29 8.99 8.98 4.4 4.46 0.97 8.9 5.77 9.84 2.22 0.6 8.53 1.38 2.09 0.21 9.7 9.24 8.71 6.05 5.5 0.74 5.49 2.28 7.4 5.77 3.38 9.63 1.66 6.23 1.89
int 76 64 38 91 73 41 29 30 11 99 26 55 10 99 43 39 58 70 9 26 7 11 57 34 66 83 24 67 74 66 85 23 10 27 36 70 45 91 22 75 42 13 96 16 42 19 56 15 86 53 38 76 7 31 22 18 16 32 57 32 22 52 88 84 83 40 58 17 90 69 52 71 82 49 31 23 30
double 77 9.71 8.68 7.01 5.81 6.41 4.44 5.85 4.13 0.02 1.42 1.62 8.53 2.44 6.21 5.24 3.12 9.3 2.58 1.6 1.71 1.05 0.31 0.09 7.32 9.02 1.52 2.5 9.16 1.47 8.37 6.41 5.51 8.41 6.25 8.13 9.73 5.87 4.24 0.81 6.46 6.94 9.01 8.71 4.35 2.23 5.82 5.27 2.18 7.81 2.22 4.45 7.54 0.51 7.91 0.83 9.36 7.48 3.54 6.5 5.5 9.52 3.05 8.72 2.89 7.03 9.1 7.68 7.06 9.51 6.37 3.07 9.79 8.63 8.32 7.47 8.17 2.12
bool 77 0 0 0 1 0 0 0 0 1 1 0 1 1 0 1 0 1 0 0 0 0 0 1 0 0 0 0 1 0 1 0 1 1 1 0 0 1 1 0 0 0 0 0 0 1 1 1 1 0 1 1 0 0 1 0 0 1 0 0 0 1 1 1 1 1 0 1 1 1 1 1 1 0 1 0 1 1
bool 78 1 0 1 1 0 1 0 0 1 0 1 0 1 1 1 0 0 1 0 1 1 0 0 1 1 0 1 1 1 0 1 1 0 1 0 0 1 1 1 0 0 0 1 0 0 0 0 1 1 0 0 0 1 0 1 1 1 1 0 1 0 0 1 0 1 1 1 0 0 1 0 1 0 0 0 0 1 0
double 78 9.81 1.42 8.91 5.42 1.64 3.86 6.4 4.15 7.41 1.24 5.81 1.35 8.41 2.62 9.45 3.44 8.91 8.87 2.72 5.07 6.94 6.84 8.39 9.16 9.9 5.87 0.37 2.55 2.39 2.94 6.33 7.62 5.07 2.22 0.01 2.33 6.57 9.43 7.27 1.63 4.37 9.15 4.45 1.08 7.73 9.37 2.79 0.82 6.98 6.87 8.29 8.13 9.49 0.45 4.93 8.12 5.6 6.3 2.55 8.74 7.81 0.77 7.8 3.87 1.74 4.3 0.04 0.19 7.59 4 7.3 9.45 5.64 3.09 8.26 8.61 0.99 3.4
double 81 7.56 5.52 8.26 4.38 4.3 3.04 7.24 8.97 9.78 7.54 7.06 4.18 5.33 3.54 6.93 0.95 2.52 5.73 5.92 2.81 8.38 3.61 4.3 2.21 3.91 6.56 8.18 8.15 7.38 1.82 1.3 3.5 1.47 1.67 6.07 9.98 0.51 8.56 6.5 1.99 6.61 2.12 0.51 3.73 8.61 1 9.46 8.95 0.27 2.08 8.27 1.15 8.22 2.01 1.46 1.65 3.34 0.31 7.16 4.54 3.57 3.41 7.92 8.64 0.08 5.26 7.22 0.25 5.01 5.23 2.04 4.1 3.45 8.09 4.01 7.84 8.59 7.52 5.42 7.52 3.72
int 81 44 48 43 45 30 3 46 16 97 99 3 3 17 47 76 97 2 82 9 97 38 88 49 30 32 18 82 77 59 74 6 3 20 31 22 11 19 63 31 13 99 71 72 66 31 79 19 36 97 12 56 12 96 33 21 26 67 97 52 40 26 1 69 66 24 53 38 19 1 42 9 54 81 64 65 86 44 63 34 72 33
char 82 r d g m d d o t s m e k b a j c l r q r k r q i e r h j q s t t h r g m s t q e l n r b f k p n m b l l h r c s g a f f g q j g r l q j r c g j i m p c p a s o d r
char 82 d l f b f c e n g l b a h n o g k e e r n m a k j a g f a n s g g c d s a c e b r i t e b i c t k h b l a o j r l n f p r l d m g q i k b i q f a m j n o r l c f g
int 86 38 60 4 6 73 38 60 21 47 82 90 41 92 36 83 24 46 97 6 6 9 27 16 56 4 81 49 28 8 26 52 59 13 35 6 92 70 44 89 84 92 69 36 95 66 73 8 89 7 90 76 83 21 15 8 19 91 19 50 85 50 83 69 25 52 13 90 24 71 68 77 11 14 20 51 9 36 26 21 61 79 2 37 59 5 94
char 86 r j m a h f n i i p q f a m b i j o k l h h i q k p k n b i h r d m l d o b f o k r n h d k j d j b t n q c a d i m g h k q h d i g o f q t r q r h i e r p f h c k j h g s
int 86 91 27 21 20 15 61 90 96 84 25 76 45 73 43 59 22 79 60 7 48 12 94 96 95 36 28 87 27 47 88 6 57 72 90 42 12 88 35 84 8 52 55 8 6 39 57 75 20 87 9 45 83 24 17 33 82 61 96 92 64 99 31 56 93 56 76 61 22 30 56 66 33 33 40 19 38 44 7 22 23 5 19 40 90 76 77
double 88 2.57 6.23 3.91 6.98 1.03 8.04 1.52 9.44 9.23 1.11 0.86 3.66 1.88 7.54 6.06 7.4 2.6 5.87 4.55 4.29 2 2.33 0.4 8.86 1.97 3.69 4.77 3.24 0.17 4 0.56 7.03 7.67 3.02 7.67 0.59 9.02 3.11 3.22 4.78 9.32 3.57 7.44 4.74 1.7 0.57 7.99 1.85 9.76 0.81 1.75 4.49 2.27 1.43 7.19 7.42 4.56 4.8 0.8 6.63 7.51 8.91 2.21 6.8 2.42 0.8 7.05 0.37 1.68 6.36 1.47 9.5 6.58 1.61 7.9 9.84 5.22 4.12 9.46 7.44 9.01 7.99 7.16 1.29 6.71 9.37 1.38 0.28
char 89 b a h e k h r j m l l r p k d j e c i g c a o e h t e n c n e m j r q j d g n f e l t s n b e p e p t m l p s a f t a p a s c k o r o h b t i k j p g p h t h m t b r o n r k k f
double 91 6.2 3.83 1.79 8.77 0.2 1.91 6.95 6.81 1.65 5.61 0.92 6.81 2.83 6.16 1.27 5.86 4.5 7.59 8.98 7.06 7.3 4.43 4.7 8.1 1.27 3.85 4.91 8.26 9.59 7.61 9.42 9.74 9.12 4.09 9.37 8.89 5.43 9.93 7.85 1.34 2.59 7.22 8.85 2.22 8.13 0.88 8.03 2.11 7.5 1.07 0.96 8.43 4.53 8.64 6.55 7.08 5.2 5.48 9.8 5.61 4.93 0.98 5.69 3.24 4.67 5.33 0.37 1.23 8.95 1.98 3.99 1.82 1.02 4.73 8.51 4.09 9.08 7.04 3.8 2.45 8.16 4.63 7.24 3.46 4.88 2.85 4.53 6.15 1.02 8.02 4.21
int 91 10 45 42 4 11 44 18 70 21 88 43 15 19 23 72 18 56 6 11 65 11 97 26 92 94 30 96 77 84 14 73 19 34 69 55 48 7 53 66 46 27 74 95 57 65 60 25 34 80 36 2 43 27 64 96 67 17 31 59 39 67 72 76 85 99 99 8 8 92 72 27 61 90 80 65 27 49 41 61 41 34 10 84 67 11 11 73 17 61 54 89
int 92 3 58 26 91 67 27 49 62 35 44 66 69 88 81 52 20 35 4 56 82 3 77 36 44 53 55 46 10 2 92 45 42 31 26 60 83 64 7 72 64 25 90 30 45 93 99 18 99 33 26 79 45 7 89 15 20 25 48 64 19 38 11 30 35 26 81 76 6 32 25 43 80 47 5 65 26 38 7 24 74 97 71 47 4 3 29 26 8 1 57 91 94
char 93 d d h a i r r h d d d s j s b a n g t n f j b a i i r c a a m c g f i c q m p a i s d c e d t k m s q n n i p c a m m b h h h s o e f s n e r e c b q r b p e i r b q q e i j f h a b f d
char 93 c j p o c s j s r r b t c k a q e i j t k d j m j i q m f s p k r h c f m c s f t o h h t k a d o t t f n s g a b e o f j g j t o q p f e h r r m g d t s t c o o q t q q e h s d g h s a
bool 94 0 1 0 1 1 0 1 0 1 1 1 0 0 1 0 1 0 0 1 1 1 1 0 1 1 0 1 1 0 1 1 0 0 0 0 1 0 0 0 0 0 0 1 1 1 0 0 0 0 1 1 0 0 1 0 1 0 1 1 1 1 0 1 0 0 0 1 1 1 1 0 1 0 1 0 1 1 1 0 0 1 0 1 0 0 1 1 1 1 0 1 0 0 1
bool 94 0 1 0 0 0 0 1 1 1 1 1 0 0 0 1 1 0 0 1 1 1 0 0 1 1 0 1 0 1 1 0 1 1 1 0 1 1 1 1 0 1 1 1 1 1 0 1 1 0 0 0 1 0 0 0 1 0 0 1 1 1 1 1 0 0 1 1 0 1 0 0 1 0 0 1 1 0 1 0 1 1 1 1 1 1 0 1 0 0 1 1 1 0 1
int 100 54 87 91 34 32 64 15 43 94 91 85 72 38 86 89 45 90 94 3 92 32 53 95 72 90 14 91 20 97 27 58 41 66 59 15 76 82 26 93 34 80 70 38 4 60 50 32 15 45 95 22 36 67 78 72 96 98 40 92 83 77 59 8 26 16 51 71 10 58 27 97 4 52 60 11 4 24 88 34 49 83 38 97 21 7 8 17 20 55 16 88 57 71 7 37 43 97 5 62 26
bool 100 0 1 0 1 1 0 0 0 1 1 1 1 0 0 0 1 1 1 0 0 0 0 0 0 1 0 1 1 1 1 0 0 1 1 0 1 0 0 0 0 1 0 1 0 0 1 1 1 0 0 1 0 1 0 1 0 0 1 1 1 0 0 0 1 0 0 0 0 0 1 0 0 1 1 0 0 1 0 0 0 1 1 1 0 0 1 1 1 0 1 1 0 0 1 0 1 0 1 0 1
char 100 d o p e q a q d m f b s l g p g o o h d q j r t k h i g i o f c f e g k c r i e p f l d n t r r f p a g r d l o l h i e i q n b m n l s s t o t j c q i f q q b i h o r p t o c q n q t o e g j j c k q
char 101 r h r r m o g d t l d g c k f b o t b f b g m d n a p f p m e m m m g q o l e e e k d i a c q s q n t l k m c h r a q m q c m e d p a e d r c f s j h l d t k b h n d o d p m j e b a l k e r h m j g a p
int 102 32 81 81 60 37 52 47 75 10 49 10 10 46 16 37 6 85 16 65 67 90 93 71 96 43 5 14 36 46 2 55 18 9 86 80 40 1 46 55 48 39 25 42 29 64 92 15 5 19 1 77 81 2 1 82 13 20 49 76 2 83 30 70 97 13 41 18 19 54 57 21 77 87 78 72 22 49 71 43 75 20 64 24 65 77 52 37 78 27 72 45 10 51 41 40 55 53 43 25 48 12 62
int 102 97 14 64 48 62 29 23 47 4 25 63 94 62 12 73 94 92 94 61 31 88 81 31 13 67 19 86 67 68 99 26 79 33 56 1 78 66 16 36 25 16 59 67 23 10 32 54 36 51 72 17 62 38 32 82 76 94 30 75 72 72 44 87 40 87 2 30 37 99 93 78 1 13 95 46 33 60 78 58 12 14 21 83 77 16 22 50 62 99 28 18 62 65 7 71 67 45 91 51 1 91 93
double 103 2.72 0.55 8.45 4.75 6.65 3.39 5.38 7.03 0.82 1.91 7.71 8.98 6.28 9.87 9.23 3.96 0.17 6.42 7.71 3.9 0.1 5.01 9.53 3.8 4.72 0.29 2.72 5.09 2.91 4 5.08 3.84 8.4 3.07 6.73 8.85 2.3 3.29 1.08 7.63 6.28 8.32 4.85 1.54 1.12 9.98 0.51 1.26 4.84 5.01 6.5 1.88 4.85 3.52 5.29 8.71 3.18 0.23 7.27 3.81 3.87 7.52 5.08 6.95 9.5 9.22 8.71 3.04 7.95 7.56 0.31 8.84 4.18 0.81 8 1.63 5.76 3.86 4.11 8.57 0.15 4.46 0.68 3.17 6.24 4.52 3.88 8.78 0.11 4.88 0.05 2.09 9.98 0.17 8.87 7.3 0.3 7.62 2.28 0.86 8.32 4.37 0.66
double 105 5.57 9.31 3.83 1.7 5.21 6.79 3.92 0.63 1.79 5.97 9.76 5.19 6.65 9.4 0.12 8.66 5.46 0.88 6.12 9.62 2.01 1.96 0.9 8.99 8.37 4.34 4.84 9.79 8.98 3.29 6.35 8.11 6.63 2.59 5.46 8.31 4.39 8.29 2.3 4.49 9.01 8.67 2.59 8.8 5.43 7.41 6.9 4.48 7.68 6.98 4.23 3.05 7.57 0.59 8.36 3.09 5.4 0.07 8.75 3.08 2.73 6.8 0.97 7.89 5 4.06 6.82 2 8.95 5.14 2.11 7.56 2.28 0.87 1.95 9.79 1.88 9.84 3.15 4.1 4.39 2.96 9.84 9.3 8.13 7.63 0.53 1.84 4.64 7.79 7.94 1.22 9.5 0.1 5.84 2.68 4.42 5.92 1.56 0.16 2.94 7.96 2.95 2.32 9.5
int 108 56 56 44 50 35 26 81 25 22 80 19 79 28 91 55 53 59 17 74 43 96 12 8 71 31 83 79 13 9 41 30 14 62 89 5 11 15 27 45 66 63 36 20 51 8 62 90 29 99 26 49 42 41 73 18 50 47 90 93 92 93 2 12 37 79 32 65 29 2 57 7 57 91 89 4 22 54 66 17 18 13 44 58 38 81 90 68 92 83 52 32 41 74 56 45 98 39 32 23 60 61 25 2 86 66 22 12 3
int 108 49 47 41 92 77 35 68 2 3 20 98 72 22 89 87 95 80 61 66 32 89 6 23 1 14 81 68 34 62 4 38 17 60 14 40 87 49 71 42 67 41 60 96 33 98 57 16 4 10 61 88 31 91 41 64 39 72 19 89 86 28 1 53 97 63 44 72 15 5 43 67 94 25 46 7 22 47 69 20 55 5 34 83 40 85 31 68 18 40 88 30 7 59 11 17 35 17 18 42 35 69 29 99 73 21 44 70 43
double 109 8.88 9.52 6.28 3.32 1.1 1.73 2.92 9.05 3.93 1.87 8.55 6.79 3.55 6.54 0.05 6.86 9.42 1.09 4.04 3.22 7.02 1.78 6.14 3.96 9.24 6.45 8.4 1.04 2.25 1.65 9.81 3.83 3.86 2.53 1.53 4.43 1.15 8.15 9.54 4.4 1.28 4.66 0.83 6.63 7.37 7.03 6.87 5.53 4.05 0.05 8.57 0.01 6.46 2.03 2.27 7.95 5.88 8.77 8.29 9.23 8.62 8 0.2 0.91 4.19 4.79 4.92 3.61 9.04 7.64 8.87 9.47 9.26 7.16 7.71 6.97 6.26 7.36 3.64 9.79 9.2 1.17 0.78 9.19 5.03 4.54 5.15 1.54 0.37 0.95 2.99 6.66 8.36 3.2 6.95 9.82 5.72 5.85 5.91 2.56 0.9 4.62 7.31 4.49 3.38 3.99 7.23 0.55 7.44
